 -1 -44 -14
 -1 -43 -14
 0 -43 -14
 -2 -42 -14
 -1 -42 -14
 0 -42 -14
 1 -42 -14
 -2 -41 -14
 -1 -41 -14
 0 -41 -14
 1 -41 -14
 -2 -40 -14
 -1 -40 -14
 0 -40 -14
 1 -40 -14
 -2 -39 -14
 -1 -39 -14
 0 -39 -14
 1 -39 -14
 -2 -38 -14
 -1 -38 -14
 0 -38 -14
 1 -38 -14
 -2 -37 -14
 -1 -37 -14
 0 -37 -14
 1 -37 -14
 -2 -36 -14
 -1 -36 -14
 0 -36 -14
 1 -36 -14
 -2 -35 -14
 -1 -35 -14
 0 -35 -14
 1 -35 -14
 -2 -34 -14
 -1 -34 -14
 0 -34 -14
 1 -34 -14
 -2 -33 -14
 -1 -33 -14
 0 -33 -14
 1 -33 -14
 -2 -32 -14
 -1 -32 -14
 0 -32 -14
 1 -32 -14
 -2 -31 -14
 -1 -31 -14
 0 -31 -14
 1 -31 -14
 -2 -30 -14
 -1 -30 -14
 0 -30 -14
 1 -30 -14
 -2 -29 -14
 -1 -29 -14
 0 -29 -14
 1 -29 -14
 -2 -28 -14
 -1 -28 -14
 0 -28 -14
 1 -28 -14
 -2 -27 -14
 -1 -27 -14
 0 -27 -14
 1 -27 -14
 -2 -26 -14
 -1 -26 -14
 0 -26 -14
 1 -26 -14
 -2 -25 -14
 -1 -25 -14
 0 -25 -14
 1 -25 -14
 -2 -24 -14
 -1 -24 -14
 0 -24 -14
 1 -24 -14
 -2 -23 -14
 -1 -23 -14
 0 -23 -14
 1 -23 -14
 -2 -22 -14
 -1 -22 -14
 0 -22 -14
 1 -22 -14
 -2 -21 -14
 -1 -21 -14
 0 -21 -14
 1 -21 -14
 -2 -20 -14
 -1 -20 -14
 0 -20 -14
 1 -20 -14
 -2 -19 -14
 -1 -19 -14
 0 -19 -14
 1 -19 -14
 -2 -18 -14
 -1 -18 -14
 0 -18 -14
 1 -18 -14
 -2 -17 -14
 -1 -17 -14
 0 -17 -14
 1 -17 -14
 -2 -16 -14
 -1 -16 -14
 0 -16 -14
 1 -16 -14
 -2 -15 -14
 -1 -15 -14
 0 -15 -14
 1 -15 -14
 -2 -14 -14
 -1 -14 -14
 0 -14 -14
 1 -14 -14
 -2 -13 -14
 -1 -13 -14
 0 -13 -14
 1 -13 -14
 -2 -12 -14
 -1 -12 -14
 0 -12 -14
 1 -12 -14
 -2 -11 -14
 -1 -11 -14
 0 -11 -14
 1 -11 -14
 -2 -10 -14
 -1 -10 -14
 0 -10 -14
 1 -10 -14
 -2 -9 -14
 -1 -9 -14
 0 -9 -14
 1 -9 -14
 -2 -8 -14
 -1 -8 -14
 0 -8 -14
 1 -8 -14
 -2 -7 -14
 -1 -7 -14
 0 -7 -14
 1 -7 -14
 -2 -6 -14
 -1 -6 -14
 0 -6 -14
 1 -6 -14
 -2 -5 -14
 -1 -5 -14
 0 -5 -14
 1 -5 -14
 -2 -4 -14
 -1 -4 -14
 0 -4 -14
 1 -4 -14
 -2 -3 -14
 -1 -3 -14
 0 -3 -14
 1 -3 -14
 -2 -2 -14
 -1 -2 -14
 0 -2 -14
 1 -2 -14
 -2 -1 -14
 -1 -1 -14
 0 -1 -14
 1 -1 -14
 -2 0 -14
 -1 0 -14
 0 0 -14
 1 0 -14
 -2 1 -14
 -1 1 -14
 0 1 -14
 1 1 -14
 -2 2 -14
 -1 2 -14
 0 2 -14
 1 2 -14
 -2 3 -14
 -1 3 -14
 0 3 -14
 1 3 -14
 -2 4 -14
 -1 4 -14
 0 4 -14
 1 4 -14
 -2 5 -14
 -1 5 -14
 0 5 -14
 1 5 -14
 -2 6 -14
 -1 6 -14
 0 6 -14
 1 6 -14
 -2 7 -14
 -1 7 -14
 0 7 -14
 1 7 -14
 -1 8 -14
 0 8 -14
 -1 9 -14
 0 9 -14
 -2 -46 -13
 -1 -46 -13
 0 -46 -13
 1 -46 -13
 -5 -45 -13
 -4 -45 -13
 -3 -45 -13
 -2 -45 -13
 -1 -45 -13
 0 -45 -13
 1 -45 -13
 2 -45 -13
 3 -45 -13
 -5 -44 -13
 -4 -44 -13
 -3 -44 -13
 -2 -44 -13
 -1 -44 -13
 0 -44 -13
 1 -44 -13
 2 -44 -13
 3 -44 -13
 4 -44 -13
 -4 -43 -13
 -3 -43 -13
 -2 -43 -13
 -1 -43 -13
 0 -43 -13
 1 -43 -13
 2 -43 -13
 3 -43 -13
 -4 -42 -13
 -3 -42 -13
 -2 -42 -13
 1 -42 -13
 2 -42 -13
 3 -42 -13
 -4 -41 -13
 -3 -41 -13
 -2 -41 -13
 1 -41 -13
 2 -41 -13
 3 -41 -13
 -4 -40 -13
 -3 -40 -13
 -2 -40 -13
 1 -40 -13
 2 -40 -13
 3 -40 -13
 -4 -39 -13
 -3 -39 -13
 -2 -39 -13
 1 -39 -13
 2 -39 -13
 3 -39 -13
 -4 -38 -13
 -3 -38 -13
 -2 -38 -13
 1 -38 -13
 2 -38 -13
 3 -38 -13
 -4 -37 -13
 -3 -37 -13
 -2 -37 -13
 1 -37 -13
 2 -37 -13
 3 -37 -13
 -4 -36 -13
 -3 -36 -13
 -2 -36 -13
 1 -36 -13
 2 -36 -13
 3 -36 -13
 -4 -35 -13
 -3 -35 -13
 -2 -35 -13
 1 -35 -13
 2 -35 -13
 3 -35 -13
 -4 -34 -13
 -3 -34 -13
 -2 -34 -13
 1 -34 -13
 2 -34 -13
 3 -34 -13
 -4 -33 -13
 -3 -33 -13
 -2 -33 -13
 1 -33 -13
 2 -33 -13
 3 -33 -13
 -4 -32 -13
 -3 -32 -13
 -2 -32 -13
 1 -32 -13
 2 -32 -13
 3 -32 -13
 -4 -31 -13
 -3 -31 -13
 -2 -31 -13
 1 -31 -13
 2 -31 -13
 3 -31 -13
 -4 -30 -13
 -3 -30 -13
 -2 -30 -13
 1 -30 -13
 2 -30 -13
 3 -30 -13
 -4 -29 -13
 -3 -29 -13
 -2 -29 -13
 1 -29 -13
 2 -29 -13
 3 -29 -13
 -4 -28 -13
 -3 -28 -13
 -2 -28 -13
 1 -28 -13
 2 -28 -13
 3 -28 -13
 -4 -27 -13
 -3 -27 -13
 -2 -27 -13
 1 -27 -13
 2 -27 -13
 3 -27 -13
 -4 -26 -13
 -3 -26 -13
 -2 -26 -13
 1 -26 -13
 2 -26 -13
 3 -26 -13
 -4 -25 -13
 -3 -25 -13
 -2 -25 -13
 1 -25 -13
 2 -25 -13
 3 -25 -13
 -4 -24 -13
 -3 -24 -13
 -2 -24 -13
 1 -24 -13
 2 -24 -13
 3 -24 -13
 -4 -23 -13
 -3 -23 -13
 -2 -23 -13
 1 -23 -13
 2 -23 -13
 3 -23 -13
 -4 -22 -13
 -3 -22 -13
 -2 -22 -13
 1 -22 -13
 2 -22 -13
 3 -22 -13
 -4 -21 -13
 -3 -21 -13
 -2 -21 -13
 1 -21 -13
 2 -21 -13
 3 -21 -13
 -4 -20 -13
 -3 -20 -13
 -2 -20 -13
 1 -20 -13
 2 -20 -13
 3 -20 -13
 -4 -19 -13
 -3 -19 -13
 -2 -19 -13
 1 -19 -13
 2 -19 -13
 3 -19 -13
 -4 -18 -13
 -3 -18 -13
 -2 -18 -13
 1 -18 -13
 2 -18 -13
 3 -18 -13
 -4 -17 -13
 -3 -17 -13
 -2 -17 -13
 1 -17 -13
 2 -17 -13
 3 -17 -13
 -4 -16 -13
 -3 -16 -13
 -2 -16 -13
 1 -16 -13
 2 -16 -13
 3 -16 -13
 -4 -15 -13
 -3 -15 -13
 -2 -15 -13
 1 -15 -13
 2 -15 -13
 3 -15 -13
 -4 -14 -13
 -3 -14 -13
 -2 -14 -13
 1 -14 -13
 2 -14 -13
 3 -14 -13
 -4 -13 -13
 -3 -13 -13
 -2 -13 -13
 1 -13 -13
 2 -13 -13
 3 -13 -13
 -4 -12 -13
 -3 -12 -13
 -2 -12 -13
 1 -12 -13
 2 -12 -13
 3 -12 -13
 -4 -11 -13
 -3 -11 -13
 -2 -11 -13
 1 -11 -13
 2 -11 -13
 3 -11 -13
 -4 -10 -13
 -3 -10 -13
 -2 -10 -13
 1 -10 -13
 2 -10 -13
 3 -10 -13
 -4 -9 -13
 -3 -9 -13
 -2 -9 -13
 1 -9 -13
 2 -9 -13
 3 -9 -13
 -4 -8 -13
 -3 -8 -13
 -2 -8 -13
 1 -8 -13
 2 -8 -13
 3 -8 -13
 -4 -7 -13
 -3 -7 -13
 -2 -7 -13
 1 -7 -13
 2 -7 -13
 3 -7 -13
 -4 -6 -13
 -3 -6 -13
 -2 -6 -13
 1 -6 -13
 2 -6 -13
 3 -6 -13
 -4 -5 -13
 -3 -5 -13
 -2 -5 -13
 1 -5 -13
 2 -5 -13
 3 -5 -13
 -4 -4 -13
 -3 -4 -13
 -2 -4 -13
 1 -4 -13
 2 -4 -13
 3 -4 -13
 -4 -3 -13
 -3 -3 -13
 -2 -3 -13
 1 -3 -13
 2 -3 -13
 3 -3 -13
 -4 -2 -13
 -3 -2 -13
 -2 -2 -13
 1 -2 -13
 2 -2 -13
 3 -2 -13
 -4 -1 -13
 -3 -1 -13
 -2 -1 -13
 1 -1 -13
 2 -1 -13
 3 -1 -13
 -4 0 -13
 -3 0 -13
 -2 0 -13
 1 0 -13
 2 0 -13
 3 0 -13
 -4 1 -13
 -3 1 -13
 -2 1 -13
 1 1 -13
 2 1 -13
 3 1 -13
 -4 2 -13
 -3 2 -13
 -2 2 -13
 1 2 -13
 2 2 -13
 3 2 -13
 -4 3 -13
 -3 3 -13
 -2 3 -13
 1 3 -13
 2 3 -13
 3 3 -13
 -4 4 -13
 -3 4 -13
 -2 4 -13
 1 4 -13
 2 4 -13
 3 4 -13
 -4 5 -13
 -3 5 -13
 -2 5 -13
 1 5 -13
 2 5 -13
 3 5 -13
 -4 6 -13
 -3 6 -13
 -2 6 -13
 1 6 -13
 2 6 -13
 3 6 -13
 -4 7 -13
 -3 7 -13
 -2 7 -13
 1 7 -13
 2 7 -13
 3 7 -13
 -4 8 -13
 -3 8 -13
 -2 8 -13
 0 8 -13
 1 8 -13
 2 8 -13
 3 8 -13
 -3 9 -13
 -2 9 -13
 -1 9 -13
 0 9 -13
 1 9 -13
 2 9 -13
 3 9 -13
 -2 10 -13
 -1 10 -13
 0 10 -13
 1 10 -13
 -2 11 -13
 -1 11 -13
 0 11 -13
 -4 -47 -12
 -3 -47 -12
 -2 -47 -12
 -1 -47 -12
 0 -47 -12
 1 -47 -12
 2 -47 -12
 -5 -46 -12
 -4 -46 -12
 -3 -46 -12
 -2 -46 -12
 -1 -46 -12
 0 -46 -12
 1 -46 -12
 2 -46 -12
 3 -46 -12
 4 -46 -12
 5 -46 -12
 -7 -45 -12
 -6 -45 -12
 -5 -45 -12
 -4 -45 -12
 -3 -45 -12
 2 -45 -12
 3 -45 -12
 4 -45 -12
 5 -45 -12
 6 -45 -12
 -7 -44 -12
 -6 -44 -12
 -5 -44 -12
 4 -44 -12
 5 -44 -12
 6 -44 -12
 -7 -43 -12
 -6 -43 -12
 -5 -43 -12
 4 -43 -12
 5 -43 -12
 6 -43 -12
 -7 -42 -12
 -6 -42 -12
 -5 -42 -12
 -4 -42 -12
 3 -42 -12
 4 -42 -12
 5 -42 -12
 6 -42 -12
 -7 -41 -12
 -6 -41 -12
 -5 -41 -12
 -4 -41 -12
 3 -41 -12
 4 -41 -12
 5 -41 -12
 6 -41 -12
 -7 -40 -12
 -6 -40 -12
 -5 -40 -12
 -4 -40 -12
 3 -40 -12
 4 -40 -12
 5 -40 -12
 -7 -39 -12
 -6 -39 -12
 -5 -39 -12
 -4 -39 -12
 3 -39 -12
 4 -39 -12
 5 -39 -12
 6 -39 -12
 -7 -38 -12
 -6 -38 -12
 -5 -38 -12
 -4 -38 -12
 3 -38 -12
 4 -38 -12
 5 -38 -12
 6 -38 -12
 -6 -37 -12
 -5 -37 -12
 -4 -37 -12
 3 -37 -12
 4 -37 -12
 5 -37 -12
 6 -37 -12
 -7 -36 -12
 -6 -36 -12
 -5 -36 -12
 -4 -36 -12
 3 -36 -12
 4 -36 -12
 5 -36 -12
 6 -36 -12
 -7 -35 -12
 -6 -35 -12
 -5 -35 -12
 -4 -35 -12
 3 -35 -12
 4 -35 -12
 5 -35 -12
 6 -35 -12
 -7 -34 -12
 -6 -34 -12
 -5 -34 -12
 -4 -34 -12
 3 -34 -12
 4 -34 -12
 5 -34 -12
 6 -34 -12
 -6 -33 -12
 -5 -33 -12
 -4 -33 -12
 3 -33 -12
 4 -33 -12
 5 -33 -12
 6 -33 -12
 -7 -32 -12
 -6 -32 -12
 -5 -32 -12
 3 -32 -12
 4 -32 -12
 5 -32 -12
 6 -32 -12
 -7 -31 -12
 -6 -31 -12
 -5 -31 -12
 -4 -31 -12
 3 -31 -12
 4 -31 -12
 5 -31 -12
 6 -31 -12
 -7 -30 -12
 -6 -30 -12
 -5 -30 -12
 3 -30 -12
 4 -30 -12
 5 -30 -12
 6 -30 -12
 -7 -29 -12
 -6 -29 -12
 -5 -29 -12
 -4 -29 -12
 3 -29 -12
 4 -29 -12
 5 -29 -12
 6 -29 -12
 -7 -28 -12
 -6 -28 -12
 -5 -28 -12
 -4 -28 -12
 3 -28 -12
 4 -28 -12
 5 -28 -12
 -7 -27 -12
 -6 -27 -12
 -5 -27 -12
 -4 -27 -12
 3 -27 -12
 4 -27 -12
 5 -27 -12
 6 -27 -12
 -7 -26 -12
 -6 -26 -12
 -5 -26 -12
 -4 -26 -12
 3 -26 -12
 4 -26 -12
 5 -26 -12
 6 -26 -12
 -7 -25 -12
 -6 -25 -12
 -5 -25 -12
 -4 -25 -12
 3 -25 -12
 4 -25 -12
 5 -25 -12
 6 -25 -12
 -7 -24 -12
 -6 -24 -12
 -5 -24 -12
 -4 -24 -12
 3 -24 -12
 4 -24 -12
 5 -24 -12
 6 -24 -12
 -6 -23 -12
 -5 -23 -12
 -4 -23 -12
 3 -23 -12
 4 -23 -12
 5 -23 -12
 6 -23 -12
 -7 -22 -12
 -6 -22 -12
 -5 -22 -12
 -4 -22 -12
 3 -22 -12
 4 -22 -12
 5 -22 -12
 6 -22 -12
 -7 -21 -12
 -6 -21 -12
 -5 -21 -12
 -4 -21 -12
 3 -21 -12
 4 -21 -12
 5 -21 -12
 6 -21 -12
 -7 -20 -12
 -6 -20 -12
 -5 -20 -12
 -4 -20 -12
 3 -20 -12
 4 -20 -12
 5 -20 -12
 6 -20 -12
 -7 -19 -12
 -6 -19 -12
 -5 -19 -12
 -4 -19 -12
 3 -19 -12
 4 -19 -12
 5 -19 -12
 6 -19 -12
 -7 -18 -12
 -6 -18 -12
 -5 -18 -12
 -4 -18 -12
 3 -18 -12
 4 -18 -12
 5 -18 -12
 6 -18 -12
 -7 -17 -12
 -6 -17 -12
 -5 -17 -12
 -4 -17 -12
 3 -17 -12
 4 -17 -12
 5 -17 -12
 6 -17 -12
 -7 -16 -12
 -6 -16 -12
 -5 -16 -12
 -4 -16 -12
 3 -16 -12
 4 -16 -12
 5 -16 -12
 6 -16 -12
 -7 -15 -12
 -6 -15 -12
 -5 -15 -12
 -4 -15 -12
 3 -15 -12
 4 -15 -12
 5 -15 -12
 6 -15 -12
 -7 -14 -12
 -6 -14 -12
 -5 -14 -12
 -4 -14 -12
 3 -14 -12
 4 -14 -12
 5 -14 -12
 6 -14 -12
 -7 -13 -12
 -6 -13 -12
 -5 -13 -12
 -4 -13 -12
 3 -13 -12
 4 -13 -12
 5 -13 -12
 6 -13 -12
 -7 -12 -12
 -6 -12 -12
 -5 -12 -12
 -4 -12 -12
 3 -12 -12
 4 -12 -12
 5 -12 -12
 6 -12 -12
 -7 -11 -12
 -6 -11 -12
 -5 -11 -12
 -4 -11 -12
 3 -11 -12
 4 -11 -12
 5 -11 -12
 6 -11 -12
 -7 -10 -12
 -6 -10 -12
 -5 -10 -12
 -4 -10 -12
 3 -10 -12
 4 -10 -12
 5 -10 -12
 6 -10 -12
 -6 -9 -12
 -5 -9 -12
 -4 -9 -12
 3 -9 -12
 4 -9 -12
 5 -9 -12
 6 -9 -12
 -7 -8 -12
 -6 -8 -12
 -5 -8 -12
 -4 -8 -12
 3 -8 -12
 4 -8 -12
 5 -8 -12
 6 -8 -12
 -7 -7 -12
 -6 -7 -12
 -5 -7 -12
 -4 -7 -12
 3 -7 -12
 4 -7 -12
 5 -7 -12
 6 -7 -12
 -7 -6 -12
 -6 -6 -12
 -5 -6 -12
 -4 -6 -12
 3 -6 -12
 4 -6 -12
 5 -6 -12
 6 -6 -12
 -7 -5 -12
 -6 -5 -12
 -5 -5 -12
 -4 -5 -12
 3 -5 -12
 4 -5 -12
 5 -5 -12
 6 -5 -12
 -7 -4 -12
 -6 -4 -12
 -5 -4 -12
 -4 -4 -12
 3 -4 -12
 4 -4 -12
 5 -4 -12
 -7 -3 -12
 -6 -3 -12
 -5 -3 -12
 -4 -3 -12
 3 -3 -12
 4 -3 -12
 5 -3 -12
 6 -3 -12
 -7 -2 -12
 -6 -2 -12
 -5 -2 -12
 -4 -2 -12
 3 -2 -12
 4 -2 -12
 5 -2 -12
 6 -2 -12
 -7 -1 -12
 -6 -1 -12
 -5 -1 -12
 -4 -1 -12
 3 -1 -12
 4 -1 -12
 5 -1 -12
 6 -1 -12
 -7 0 -12
 -6 0 -12
 -5 0 -12
 -4 0 -12
 3 0 -12
 4 0 -12
 5 0 -12
 6 0 -12
 -7 1 -12
 -6 1 -12
 -5 1 -12
 -4 1 -12
 3 1 -12
 4 1 -12
 5 1 -12
 6 1 -12
 -7 2 -12
 -6 2 -12
 -5 2 -12
 -4 2 -12
 3 2 -12
 4 2 -12
 5 2 -12
 6 2 -12
 -7 3 -12
 -6 3 -12
 -5 3 -12
 -4 3 -12
 3 3 -12
 4 3 -12
 5 3 -12
 6 3 -12
 -6 4 -12
 -5 4 -12
 -4 4 -12
 3 4 -12
 4 4 -12
 5 4 -12
 6 4 -12
 -6 5 -12
 -5 5 -12
 -4 5 -12
 3 5 -12
 4 5 -12
 5 5 -12
 6 5 -12
 -7 6 -12
 -6 6 -12
 -5 6 -12
 -4 6 -12
 3 6 -12
 4 6 -12
 5 6 -12
 6 6 -12
 -7 7 -12
 -6 7 -12
 -5 7 -12
 -4 7 -12
 3 7 -12
 4 7 -12
 5 7 -12
 6 7 -12
 -6 8 -12
 -5 8 -12
 -4 8 -12
 3 8 -12
 4 8 -12
 5 8 -12
 -6 9 -12
 -5 9 -12
 -4 9 -12
 -3 9 -12
 2 9 -12
 3 9 -12
 4 9 -12
 5 9 -12
 -5 10 -12
 -4 10 -12
 -3 10 -12
 -2 10 -12
 1 10 -12
 2 10 -12
 3 10 -12
 4 10 -12
 -4 11 -12
 -3 11 -12
 -2 11 -12
 -1 11 -12
 0 11 -12
 1 11 -12
 2 11 -12
 3 11 -12
 -2 12 -12
 -1 12 -12
 0 12 -12
 1 12 -12
 -1 13 -12
 0 13 -12
 -6 -47 -11
 -5 -47 -11
 -4 -47 -11
 -3 -47 -11
 -2 -47 -11
 -1 -47 -11
 0 -47 -11
 1 -47 -11
 2 -47 -11
 3 -47 -11
 4 -47 -11
 5 -47 -11
 -7 -46 -11
 -6 -46 -11
 -5 -46 -11
 -4 -46 -11
 4 -46 -11
 5 -46 -11
 6 -46 -11
 -8 -45 -11
 -7 -45 -11
 -6 -45 -11
 5 -45 -11
 6 -45 -11
 7 -45 -11
 -8 -44 -11
 -7 -44 -11
 6 -44 -11
 7 -44 -11
 -9 -43 -11
 -8 -43 -11
 -7 -43 -11
 6 -43 -11
 7 -43 -11
 8 -43 -11
 -9 -42 -11
 -8 -42 -11
 -7 -42 -11
 6 -42 -11
 7 -42 -11
 8 -42 -11
 -9 -41 -11
 -8 -41 -11
 -7 -41 -11
 6 -41 -11
 7 -41 -11
 8 -41 -11
 -9 -40 -11
 -8 -40 -11
 -7 -40 -11
 6 -40 -11
 7 -40 -11
 8 -40 -11
 -9 -39 -11
 -8 -39 -11
 -7 -39 -11
 6 -39 -11
 7 -39 -11
 8 -39 -11
 -9 -38 -11
 -8 -38 -11
 -7 -38 -11
 6 -38 -11
 7 -38 -11
 8 -38 -11
 -9 -37 -11
 -8 -37 -11
 -7 -37 -11
 6 -37 -11
 7 -37 -11
 8 -37 -11
 -9 -36 -11
 -8 -36 -11
 -7 -36 -11
 6 -36 -11
 7 -36 -11
 8 -36 -11
 -9 -35 -11
 -8 -35 -11
 -7 -35 -11
 6 -35 -11
 7 -35 -11
 8 -35 -11
 -9 -34 -11
 -8 -34 -11
 -7 -34 -11
 6 -34 -11
 7 -34 -11
 8 -34 -11
 -9 -33 -11
 -8 -33 -11
 -7 -33 -11
 6 -33 -11
 7 -33 -11
 8 -33 -11
 -9 -32 -11
 -8 -32 -11
 -7 -32 -11
 6 -32 -11
 7 -32 -11
 8 -32 -11
 -9 -31 -11
 -8 -31 -11
 -7 -31 -11
 6 -31 -11
 7 -31 -11
 8 -31 -11
 -9 -30 -11
 -8 -30 -11
 -7 -30 -11
 6 -30 -11
 7 -30 -11
 8 -30 -11
 -9 -29 -11
 -8 -29 -11
 -7 -29 -11
 6 -29 -11
 7 -29 -11
 8 -29 -11
 -9 -28 -11
 -8 -28 -11
 -7 -28 -11
 6 -28 -11
 7 -28 -11
 8 -28 -11
 -9 -27 -11
 -8 -27 -11
 -7 -27 -11
 6 -27 -11
 7 -27 -11
 8 -27 -11
 -9 -26 -11
 -8 -26 -11
 -7 -26 -11
 6 -26 -11
 7 -26 -11
 8 -26 -11
 -9 -25 -11
 -8 -25 -11
 -7 -25 -11
 6 -25 -11
 7 -25 -11
 8 -25 -11
 -9 -24 -11
 -8 -24 -11
 -7 -24 -11
 6 -24 -11
 7 -24 -11
 8 -24 -11
 -9 -23 -11
 -8 -23 -11
 -7 -23 -11
 6 -23 -11
 7 -23 -11
 8 -23 -11
 -9 -22 -11
 -8 -22 -11
 -7 -22 -11
 6 -22 -11
 7 -22 -11
 8 -22 -11
 -9 -21 -11
 -8 -21 -11
 -7 -21 -11
 6 -21 -11
 7 -21 -11
 8 -21 -11
 -9 -20 -11
 -8 -20 -11
 -7 -20 -11
 6 -20 -11
 7 -20 -11
 8 -20 -11
 -9 -19 -11
 -8 -19 -11
 -7 -19 -11
 6 -19 -11
 7 -19 -11
 8 -19 -11
 -9 -18 -11
 -8 -18 -11
 -7 -18 -11
 6 -18 -11
 7 -18 -11
 8 -18 -11
 -9 -17 -11
 -8 -17 -11
 -7 -17 -11
 6 -17 -11
 7 -17 -11
 8 -17 -11
 -9 -16 -11
 -8 -16 -11
 -7 -16 -11
 6 -16 -11
 7 -16 -11
 8 -16 -11
 -9 -15 -11
 -8 -15 -11
 -7 -15 -11
 6 -15 -11
 7 -15 -11
 8 -15 -11
 -9 -14 -11
 -8 -14 -11
 -7 -14 -11
 6 -14 -11
 7 -14 -11
 8 -14 -11
 -9 -13 -11
 -8 -13 -11
 -7 -13 -11
 6 -13 -11
 7 -13 -11
 8 -13 -11
 -9 -12 -11
 -8 -12 -11
 -7 -12 -11
 6 -12 -11
 7 -12 -11
 8 -12 -11
 -9 -11 -11
 -8 -11 -11
 -7 -11 -11
 6 -11 -11
 7 -11 -11
 8 -11 -11
 -9 -10 -11
 -8 -10 -11
 -7 -10 -11
 6 -10 -11
 7 -10 -11
 8 -10 -11
 -9 -9 -11
 -8 -9 -11
 -7 -9 -11
 6 -9 -11
 7 -9 -11
 8 -9 -11
 -9 -8 -11
 -8 -8 -11
 -7 -8 -11
 6 -8 -11
 7 -8 -11
 8 -8 -11
 -9 -7 -11
 -8 -7 -11
 -7 -7 -11
 6 -7 -11
 7 -7 -11
 8 -7 -11
 -9 -6 -11
 -8 -6 -11
 -7 -6 -11
 6 -6 -11
 7 -6 -11
 8 -6 -11
 -9 -5 -11
 -8 -5 -11
 -7 -5 -11
 6 -5 -11
 7 -5 -11
 8 -5 -11
 -9 -4 -11
 -8 -4 -11
 -7 -4 -11
 6 -4 -11
 7 -4 -11
 8 -4 -11
 -9 -3 -11
 -8 -3 -11
 -7 -3 -11
 6 -3 -11
 7 -3 -11
 8 -3 -11
 -9 -2 -11
 -8 -2 -11
 -7 -2 -11
 6 -2 -11
 7 -2 -11
 8 -2 -11
 -9 -1 -11
 -8 -1 -11
 -7 -1 -11
 6 -1 -11
 7 -1 -11
 8 -1 -11
 -9 0 -11
 -8 0 -11
 -7 0 -11
 6 0 -11
 7 0 -11
 8 0 -11
 -9 1 -11
 -8 1 -11
 -7 1 -11
 6 1 -11
 7 1 -11
 8 1 -11
 -9 2 -11
 -8 2 -11
 -7 2 -11
 6 2 -11
 7 2 -11
 8 2 -11
 -9 3 -11
 -8 3 -11
 -7 3 -11
 6 3 -11
 7 3 -11
 8 3 -11
 -9 4 -11
 -8 4 -11
 -7 4 -11
 6 4 -11
 7 4 -11
 8 4 -11
 -9 5 -11
 -8 5 -11
 -7 5 -11
 6 5 -11
 7 5 -11
 8 5 -11
 -9 6 -11
 -8 6 -11
 -7 6 -11
 6 6 -11
 7 6 -11
 8 6 -11
 -9 7 -11
 -8 7 -11
 -7 7 -11
 6 7 -11
 7 7 -11
 8 7 -11
 -9 8 -11
 -8 8 -11
 -7 8 -11
 -6 8 -11
 5 8 -11
 6 8 -11
 7 8 -11
 8 8 -11
 -8 9 -11
 -7 9 -11
 -6 9 -11
 4 9 -11
 5 9 -11
 6 9 -11
 7 9 -11
 -7 10 -11
 -6 10 -11
 -5 10 -11
 4 10 -11
 5 10 -11
 6 10 -11
 -7 11 -11
 -6 11 -11
 -5 11 -11
 -4 11 -11
 -3 11 -11
 2 11 -11
 3 11 -11
 4 11 -11
 5 11 -11
 6 11 -11
 -5 12 -11
 -4 12 -11
 -3 12 -11
 -2 12 -11
 1 12 -11
 2 12 -11
 3 12 -11
 4 12 -11
 -3 13 -11
 -2 13 -11
 -1 13 -11
 0 13 -11
 1 13 -11
 2 13 -11
 -1 14 -11
 0 14 -11
 1 14 -11
 -7 -47 -10
 -6 -47 -10
 -5 -47 -10
 -4 -47 -10
 -3 -47 -10
 -2 -47 -10
 -1 -47 -10
 0 -47 -10
 1 -47 -10
 2 -47 -10
 3 -47 -10
 4 -47 -10
 5 -47 -10
 6 -47 -10
 -9 -46 -10
 -8 -46 -10
 -7 -46 -10
 -6 -46 -10
 5 -46 -10
 6 -46 -10
 7 -46 -10
 -10 -45 -10
 -9 -45 -10
 -8 -45 -10
 7 -45 -10
 8 -45 -10
 -10 -44 -10
 -9 -44 -10
 8 -44 -10
 9 -44 -10
 -10 -43 -10
 -9 -43 -10
 8 -43 -10
 9 -43 -10
 -10 -42 -10
 -9 -42 -10
 8 -42 -10
 9 -42 -10
 -10 -41 -10
 -9 -41 -10
 8 -41 -10
 9 -41 -10
 -10 -40 -10
 -9 -40 -10
 8 -40 -10
 9 -40 -10
 -10 -39 -10
 -9 -39 -10
 8 -39 -10
 9 -39 -10
 -10 -38 -10
 -9 -38 -10
 8 -38 -10
 9 -38 -10
 -10 -37 -10
 -9 -37 -10
 8 -37 -10
 9 -37 -10
 -10 -36 -10
 -9 -36 -10
 8 -36 -10
 9 -36 -10
 -10 -35 -10
 -9 -35 -10
 8 -35 -10
 9 -35 -10
 -10 -34 -10
 -9 -34 -10
 8 -34 -10
 9 -34 -10
 -10 -33 -10
 -9 -33 -10
 8 -33 -10
 9 -33 -10
 -10 -32 -10
 -9 -32 -10
 8 -32 -10
 9 -32 -10
 -10 -31 -10
 -9 -31 -10
 8 -31 -10
 9 -31 -10
 -10 -30 -10
 -9 -30 -10
 8 -30 -10
 9 -30 -10
 -10 -29 -10
 -9 -29 -10
 8 -29 -10
 9 -29 -10
 -10 -28 -10
 -9 -28 -10
 8 -28 -10
 9 -28 -10
 -10 -27 -10
 -9 -27 -10
 8 -27 -10
 9 -27 -10
 -10 -26 -10
 -9 -26 -10
 8 -26 -10
 9 -26 -10
 -10 -25 -10
 -9 -25 -10
 8 -25 -10
 9 -25 -10
 -10 -24 -10
 -9 -24 -10
 8 -24 -10
 9 -24 -10
 -10 -23 -10
 -9 -23 -10
 8 -23 -10
 9 -23 -10
 -10 -22 -10
 -9 -22 -10
 8 -22 -10
 9 -22 -10
 -10 -21 -10
 -9 -21 -10
 8 -21 -10
 9 -21 -10
 -10 -20 -10
 -9 -20 -10
 8 -20 -10
 9 -20 -10
 -10 -19 -10
 -9 -19 -10
 8 -19 -10
 9 -19 -10
 -10 -18 -10
 -9 -18 -10
 8 -18 -10
 9 -18 -10
 -10 -17 -10
 -9 -17 -10
 8 -17 -10
 9 -17 -10
 -10 -16 -10
 -9 -16 -10
 8 -16 -10
 9 -16 -10
 -10 -15 -10
 -9 -15 -10
 8 -15 -10
 9 -15 -10
 -10 -14 -10
 -9 -14 -10
 8 -14 -10
 9 -14 -10
 -10 -13 -10
 -9 -13 -10
 8 -13 -10
 9 -13 -10
 -10 -12 -10
 -9 -12 -10
 8 -12 -10
 9 -12 -10
 -10 -11 -10
 -9 -11 -10
 8 -11 -10
 9 -11 -10
 -10 -10 -10
 -9 -10 -10
 8 -10 -10
 9 -10 -10
 -10 -9 -10
 -9 -9 -10
 8 -9 -10
 9 -9 -10
 -10 -8 -10
 -9 -8 -10
 8 -8 -10
 9 -8 -10
 -10 -7 -10
 -9 -7 -10
 8 -7 -10
 9 -7 -10
 -10 -6 -10
 -9 -6 -10
 8 -6 -10
 9 -6 -10
 -10 -5 -10
 -9 -5 -10
 8 -5 -10
 9 -5 -10
 -10 -4 -10
 -9 -4 -10
 8 -4 -10
 9 -4 -10
 -10 -3 -10
 -9 -3 -10
 8 -3 -10
 9 -3 -10
 -10 -2 -10
 -9 -2 -10
 8 -2 -10
 9 -2 -10
 -10 -1 -10
 -9 -1 -10
 8 -1 -10
 9 -1 -10
 -10 0 -10
 -9 0 -10
 8 0 -10
 9 0 -10
 -10 1 -10
 -9 1 -10
 8 1 -10
 9 1 -10
 -10 2 -10
 -9 2 -10
 8 2 -10
 9 2 -10
 -10 3 -10
 -9 3 -10
 8 3 -10
 9 3 -10
 -10 4 -10
 -9 4 -10
 8 4 -10
 9 4 -10
 -10 5 -10
 -9 5 -10
 8 5 -10
 9 5 -10
 -10 6 -10
 -9 6 -10
 8 6 -10
 9 6 -10
 -10 7 -10
 -9 7 -10
 8 7 -10
 9 7 -10
 -10 8 -10
 -9 8 -10
 8 8 -10
 9 8 -10
 -10 9 -10
 -9 9 -10
 -8 9 -10
 7 9 -10
 8 9 -10
 9 9 -10
 -10 10 -10
 -9 10 -10
 -8 10 -10
 -7 10 -10
 6 10 -10
 7 10 -10
 8 10 -10
 9 10 -10
 -9 11 -10
 -8 11 -10
 -7 11 -10
 -6 11 -10
 5 11 -10
 6 11 -10
 7 11 -10
 8 11 -10
 -7 12 -10
 -6 12 -10
 -5 12 -10
 3 12 -10
 4 12 -10
 5 12 -10
 6 12 -10
 -6 13 -10
 -5 13 -10
 -4 13 -10
 -3 13 -10
 -2 13 -10
 1 13 -10
 2 13 -10
 3 13 -10
 4 13 -10
 5 13 -10
 -4 14 -10
 -3 14 -10
 -2 14 -10
 -1 14 -10
 0 14 -10
 1 14 -10
 2 14 -10
 3 14 -10
 -2 15 -10
 -1 15 -10
 0 15 -10
 1 15 -10
 -9 -47 -9
 -8 -47 -9
 -7 -47 -9
 -6 -47 -9
 -5 -47 -9
 -4 -47 -9
 -3 -47 -9
 -2 -47 -9
 -1 -47 -9
 0 -47 -9
 1 -47 -9
 2 -47 -9
 3 -47 -9
 4 -47 -9
 5 -47 -9
 6 -47 -9
 7 -47 -9
 8 -47 -9
 -10 -46 -9
 -9 -46 -9
 -8 -46 -9
 7 -46 -9
 8 -46 -9
 9 -46 -9
 -10 -45 -9
 9 -45 -9
 -11 -44 -9
 -10 -44 -9
 9 -44 -9
 -11 -43 -9
 -10 -43 -9
 9 -43 -9
 10 -43 -9
 -11 -42 -9
 -10 -42 -9
 9 -42 -9
 10 -42 -9
 -11 -41 -9
 -10 -41 -9
 9 -41 -9
 10 -41 -9
 -11 -40 -9
 -10 -40 -9
 9 -40 -9
 10 -40 -9
 -11 -39 -9
 -10 -39 -9
 9 -39 -9
 10 -39 -9
 -11 -38 -9
 -10 -38 -9
 9 -38 -9
 10 -38 -9
 -11 -37 -9
 -10 -37 -9
 9 -37 -9
 10 -37 -9
 -11 -36 -9
 -10 -36 -9
 9 -36 -9
 10 -36 -9
 -11 -35 -9
 -10 -35 -9
 9 -35 -9
 10 -35 -9
 -11 -34 -9
 -10 -34 -9
 9 -34 -9
 10 -34 -9
 -11 -33 -9
 -10 -33 -9
 9 -33 -9
 10 -33 -9
 -11 -32 -9
 -10 -32 -9
 9 -32 -9
 10 -32 -9
 -11 -31 -9
 -10 -31 -9
 9 -31 -9
 10 -31 -9
 -11 -30 -9
 -10 -30 -9
 9 -30 -9
 10 -30 -9
 -11 -29 -9
 -10 -29 -9
 9 -29 -9
 10 -29 -9
 -11 -28 -9
 -10 -28 -9
 9 -28 -9
 10 -28 -9
 -11 -27 -9
 -10 -27 -9
 9 -27 -9
 10 -27 -9
 -11 -26 -9
 -10 -26 -9
 9 -26 -9
 10 -26 -9
 -11 -25 -9
 -10 -25 -9
 9 -25 -9
 10 -25 -9
 -11 -24 -9
 -10 -24 -9
 9 -24 -9
 10 -24 -9
 -11 -23 -9
 -10 -23 -9
 9 -23 -9
 10 -23 -9
 -11 -22 -9
 -10 -22 -9
 9 -22 -9
 10 -22 -9
 -11 -21 -9
 -10 -21 -9
 9 -21 -9
 10 -21 -9
 -11 -20 -9
 -10 -20 -9
 9 -20 -9
 10 -20 -9
 -11 -19 -9
 -10 -19 -9
 9 -19 -9
 10 -19 -9
 -11 -18 -9
 -10 -18 -9
 9 -18 -9
 10 -18 -9
 -11 -17 -9
 -10 -17 -9
 9 -17 -9
 10 -17 -9
 -11 -16 -9
 -10 -16 -9
 9 -16 -9
 10 -16 -9
 -11 -15 -9
 -10 -15 -9
 9 -15 -9
 10 -15 -9
 -11 -14 -9
 -10 -14 -9
 9 -14 -9
 10 -14 -9
 -11 -13 -9
 -10 -13 -9
 9 -13 -9
 10 -13 -9
 -11 -12 -9
 -10 -12 -9
 9 -12 -9
 10 -12 -9
 -11 -11 -9
 -10 -11 -9
 9 -11 -9
 10 -11 -9
 -11 -10 -9
 -10 -10 -9
 9 -10 -9
 10 -10 -9
 -11 -9 -9
 -10 -9 -9
 9 -9 -9
 10 -9 -9
 -11 -8 -9
 -10 -8 -9
 9 -8 -9
 10 -8 -9
 -11 -7 -9
 -10 -7 -9
 9 -7 -9
 10 -7 -9
 -11 -6 -9
 -10 -6 -9
 9 -6 -9
 10 -6 -9
 -11 -5 -9
 -10 -5 -9
 9 -5 -9
 10 -5 -9
 -11 -4 -9
 -10 -4 -9
 9 -4 -9
 10 -4 -9
 -11 -3 -9
 -10 -3 -9
 9 -3 -9
 10 -3 -9
 -11 -2 -9
 -10 -2 -9
 9 -2 -9
 10 -2 -9
 -11 -1 -9
 -10 -1 -9
 9 -1 -9
 10 -1 -9
 -11 0 -9
 -10 0 -9
 9 0 -9
 10 0 -9
 -11 1 -9
 -10 1 -9
 9 1 -9
 10 1 -9
 -11 2 -9
 -10 2 -9
 9 2 -9
 10 2 -9
 -11 3 -9
 -10 3 -9
 9 3 -9
 10 3 -9
 -11 4 -9
 -10 4 -9
 9 4 -9
 10 4 -9
 -11 5 -9
 -10 5 -9
 9 5 -9
 10 5 -9
 -11 6 -9
 -10 6 -9
 9 6 -9
 10 6 -9
 -11 7 -9
 -10 7 -9
 9 7 -9
 10 7 -9
 -11 8 -9
 -10 8 -9
 9 8 -9
 10 8 -9
 -10 9 -9
 9 9 -9
 -10 10 -9
 9 10 -9
 -10 11 -9
 -9 11 -9
 -8 11 -9
 7 11 -9
 8 11 -9
 9 11 -9
 -9 12 -9
 -8 12 -9
 -7 12 -9
 5 12 -9
 6 12 -9
 7 12 -9
 8 12 -9
 -8 13 -9
 -7 13 -9
 -6 13 -9
 -5 13 -9
 4 13 -9
 5 13 -9
 6 13 -9
 7 13 -9
 -7 14 -9
 -6 14 -9
 -5 14 -9
 -4 14 -9
 2 14 -9
 3 14 -9
 4 14 -9
 5 14 -9
 6 14 -9
 -5 15 -9
 -4 15 -9
 -3 15 -9
 -2 15 -9
 -1 15 -9
 1 15 -9
 2 15 -9
 3 15 -9
 4 15 -9
 -3 16 -9
 -2 16 -9
 -9 -47 -8
 -8 -47 -8
 -7 -47 -8
 -6 -47 -8
 -5 -47 -8
 -4 -47 -8
 -3 -47 -8
 -2 -47 -8
 -1 -47 -8
 0 -47 -8
 1 -47 -8
 2 -47 -8
 3 -47 -8
 4 -47 -8
 5 -47 -8
 6 -47 -8
 7 -47 -8
 8 -47 -8
 -10 -46 -8
 -9 -46 -8
 8 -46 -8
 9 -46 -8
 -11 -45 -8
 -10 -45 -8
 9 -45 -8
 10 -45 -8
 -11 -44 -8
 -10 -44 -8
 9 -44 -8
 10 -44 -8
 -11 -43 -8
 10 -43 -8
 -11 -42 -8
 10 -42 -8
 -11 -41 -8
 10 -41 -8
 -11 -40 -8
 10 -40 -8
 -11 -39 -8
 10 -39 -8
 -11 -38 -8
 10 -38 -8
 -11 -37 -8
 10 -37 -8
 -11 -36 -8
 10 -36 -8
 -11 -35 -8
 10 -35 -8
 -11 -34 -8
 10 -34 -8
 -11 -33 -8
 10 -33 -8
 -11 -32 -8
 10 -32 -8
 -11 -31 -8
 10 -31 -8
 -11 -30 -8
 10 -30 -8
 -11 -29 -8
 10 -29 -8
 -11 -28 -8
 10 -28 -8
 -11 -27 -8
 10 -27 -8
 -11 -26 -8
 10 -26 -8
 -11 -25 -8
 10 -25 -8
 -11 -24 -8
 10 -24 -8
 -11 -23 -8
 10 -23 -8
 -11 -22 -8
 10 -22 -8
 -11 -21 -8
 10 -21 -8
 -11 -20 -8
 10 -20 -8
 -11 -19 -8
 10 -19 -8
 -11 -18 -8
 10 -18 -8
 -11 -17 -8
 10 -17 -8
 -11 -16 -8
 10 -16 -8
 -11 -15 -8
 10 -15 -8
 -11 -14 -8
 10 -14 -8
 -11 -13 -8
 10 -13 -8
 -11 -12 -8
 10 -12 -8
 -11 -11 -8
 10 -11 -8
 -11 -10 -8
 10 -10 -8
 -11 -9 -8
 10 -9 -8
 -11 -8 -8
 10 -8 -8
 -11 -7 -8
 10 -7 -8
 -11 -6 -8
 10 -6 -8
 -11 -5 -8
 10 -5 -8
 -11 -4 -8
 10 -4 -8
 -11 -3 -8
 10 -3 -8
 -11 -2 -8
 10 -2 -8
 -11 -1 -8
 10 -1 -8
 -11 0 -8
 10 0 -8
 -11 1 -8
 10 1 -8
 -11 2 -8
 10 2 -8
 -11 3 -8
 10 3 -8
 -11 4 -8
 10 4 -8
 -11 5 -8
 10 5 -8
 -11 6 -8
 10 6 -8
 -11 7 -8
 10 7 -8
 -11 8 -8
 10 8 -8
 -11 9 -8
 -10 9 -8
 9 9 -8
 10 9 -8
 -10 10 -8
 9 10 -8
 -10 11 -8
 -9 11 -8
 8 11 -8
 9 11 -8
 -10 12 -8
 -9 12 -8
 8 12 -8
 9 12 -8
 -9 13 -8
 -8 13 -8
 -7 13 -8
 6 13 -8
 7 13 -8
 8 13 -8
 -8 14 -8
 -7 14 -8
 -6 14 -8
 -5 14 -8
 5 14 -8
 6 14 -8
 7 14 -8
 -7 15 -8
 -6 15 -8
 -5 15 -8
 -4 15 -8
 3 15 -8
 4 15 -8
 5 15 -8
 6 15 -8
 -6 16 -8
 -5 16 -8
 -4 16 -8
 -3 16 -8
 -5 17 -8
 -4 17 -8
 -3 17 -8
 -10 -47 -7
 -9 -47 -7
 -8 -47 -7
 -7 -47 -7
 -6 -47 -7
 -5 -47 -7
 -4 -47 -7
 -3 -47 -7
 -2 -47 -7
 -1 -47 -7
 0 -47 -7
 1 -47 -7
 2 -47 -7
 3 -47 -7
 4 -47 -7
 5 -47 -7
 6 -47 -7
 7 -47 -7
 8 -47 -7
 9 -47 -7
 -11 -46 -7
 -10 -46 -7
 9 -46 -7
 10 -46 -7
 -12 -45 -7
 -11 -45 -7
 10 -45 -7
 11 -45 -7
 -12 -44 -7
 -11 -44 -7
 10 -44 -7
 11 -44 -7
 -12 -43 -7
 -11 -43 -7
 10 -43 -7
 11 -43 -7
 -12 -42 -7
 -11 -42 -7
 10 -42 -7
 11 -42 -7
 -12 -41 -7
 -11 -41 -7
 10 -41 -7
 11 -41 -7
 -11 -40 -7
 10 -40 -7
 11 -40 -7
 -12 -39 -7
 -11 -39 -7
 10 -39 -7
 11 -39 -7
 -12 -38 -7
 -11 -38 -7
 10 -38 -7
 11 -38 -7
 -12 -37 -7
 -11 -37 -7
 10 -37 -7
 -12 -36 -7
 -11 -36 -7
 10 -36 -7
 11 -36 -7
 -12 -35 -7
 -11 -35 -7
 10 -35 -7
 11 -35 -7
 -12 -34 -7
 -11 -34 -7
 10 -34 -7
 11 -34 -7
 -12 -33 -7
 -11 -33 -7
 10 -33 -7
 -12 -32 -7
 -11 -32 -7
 10 -32 -7
 11 -32 -7
 -12 -31 -7
 -11 -31 -7
 10 -31 -7
 11 -31 -7
 -12 -30 -7
 -11 -30 -7
 10 -30 -7
 11 -30 -7
 -12 -29 -7
 -11 -29 -7
 10 -29 -7
 11 -29 -7
 -12 -28 -7
 -11 -28 -7
 10 -28 -7
 -12 -27 -7
 -11 -27 -7
 10 -27 -7
 11 -27 -7
 -12 -26 -7
 -11 -26 -7
 10 -26 -7
 11 -26 -7
 -12 -25 -7
 -11 -25 -7
 10 -25 -7
 11 -25 -7
 -12 -24 -7
 -11 -24 -7
 10 -24 -7
 11 -24 -7
 -12 -23 -7
 -11 -23 -7
 10 -23 -7
 11 -23 -7
 -12 -22 -7
 -11 -22 -7
 10 -22 -7
 11 -22 -7
 -12 -21 -7
 -11 -21 -7
 10 -21 -7
 11 -21 -7
 -12 -20 -7
 -11 -20 -7
 10 -20 -7
 11 -20 -7
 -12 -19 -7
 -11 -19 -7
 10 -19 -7
 11 -19 -7
 -12 -18 -7
 -11 -18 -7
 10 -18 -7
 11 -18 -7
 -12 -17 -7
 -11 -17 -7
 10 -17 -7
 11 -17 -7
 -12 -16 -7
 -11 -16 -7
 10 -16 -7
 11 -16 -7
 -12 -15 -7
 -11 -15 -7
 10 -15 -7
 11 -15 -7
 -12 -14 -7
 -11 -14 -7
 10 -14 -7
 -12 -13 -7
 -11 -13 -7
 10 -13 -7
 11 -13 -7
 -12 -12 -7
 -11 -12 -7
 10 -12 -7
 11 -12 -7
 -11 -11 -7
 10 -11 -7
 11 -11 -7
 -12 -10 -7
 -11 -10 -7
 10 -10 -7
 11 -10 -7
 -12 -9 -7
 -11 -9 -7
 10 -9 -7
 11 -9 -7
 -12 -8 -7
 -11 -8 -7
 10 -8 -7
 11 -8 -7
 -12 -7 -7
 -11 -7 -7
 10 -7 -7
 11 -7 -7
 -11 -6 -7
 10 -6 -7
 11 -6 -7
 -12 -5 -7
 -11 -5 -7
 10 -5 -7
 -12 -4 -7
 -11 -4 -7
 10 -4 -7
 11 -4 -7
 -12 -3 -7
 -11 -3 -7
 10 -3 -7
 11 -3 -7
 -12 -2 -7
 -11 -2 -7
 10 -2 -7
 11 -2 -7
 -12 -1 -7
 -11 -1 -7
 10 -1 -7
 11 -1 -7
 -11 0 -7
 10 0 -7
 11 0 -7
 -12 1 -7
 -11 1 -7
 10 1 -7
 11 1 -7
 -12 2 -7
 -11 2 -7
 10 2 -7
 11 2 -7
 -12 3 -7
 -11 3 -7
 10 3 -7
 11 3 -7
 -12 4 -7
 -11 4 -7
 10 4 -7
 11 4 -7
 -12 5 -7
 -11 5 -7
 10 5 -7
 11 5 -7
 -11 6 -7
 10 6 -7
 11 6 -7
 -11 7 -7
 10 7 -7
 11 7 -7
 -11 8 -7
 10 8 -7
 11 8 -7
 -11 9 -7
 10 9 -7
 -11 10 -7
 -10 10 -7
 9 10 -7
 10 10 -7
 -10 11 -7
 9 11 -7
 -10 12 -7
 -9 12 -7
 8 12 -7
 9 12 -7
 -9 13 -7
 -8 13 -7
 7 13 -7
 8 13 -7
 -9 14 -7
 -8 14 -7
 7 14 -7
 -8 15 -7
 -7 15 -7
 -6 15 -7
 6 15 -7
 7 15 -7
 -7 16 -7
 -6 16 -7
 -5 16 -7
 6 16 -7
 -7 17 -7
 -6 17 -7
 -5 17 -7
 -4 17 -7
 6 17 -7
 -6 18 -7
 -11 -47 -6
 -10 -47 -6
 -9 -47 -6
 -8 -47 -6
 -7 -47 -6
 -6 -47 -6
 -5 -47 -6
 -4 -47 -6
 -3 -47 -6
 -2 -47 -6
 -1 -47 -6
 0 -47 -6
 1 -47 -6
 2 -47 -6
 3 -47 -6
 4 -47 -6
 5 -47 -6
 6 -47 -6
 7 -47 -6
 8 -47 -6
 9 -47 -6
 10 -47 -6
 -12 -46 -6
 -11 -46 -6
 -10 -46 -6
 10 -46 -6
 11 -46 -6
 -12 -45 -6
 -11 -45 -6
 10 -45 -6
 11 -45 -6
 -12 -44 -6
 11 -44 -6
 -12 -43 -6
 11 -43 -6
 -12 -42 -6
 11 -42 -6
 -12 -41 -6
 11 -41 -6
 -12 -40 -6
 11 -40 -6
 -12 -39 -6
 11 -39 -6
 -12 -38 -6
 11 -38 -6
 -12 -37 -6
 11 -37 -6
 -12 -36 -6
 11 -36 -6
 -12 -35 -6
 11 -35 -6
 -12 -34 -6
 11 -34 -6
 -12 -33 -6
 11 -33 -6
 -12 -32 -6
 11 -32 -6
 -12 -31 -6
 11 -31 -6
 -12 -30 -6
 11 -30 -6
 -12 -29 -6
 11 -29 -6
 -12 -28 -6
 11 -28 -6
 -12 -27 -6
 11 -27 -6
 -12 -26 -6
 11 -26 -6
 -12 -25 -6
 11 -25 -6
 -12 -24 -6
 11 -24 -6
 -12 -23 -6
 11 -23 -6
 -12 -22 -6
 11 -22 -6
 -12 -21 -6
 11 -21 -6
 -12 -20 -6
 11 -20 -6
 -12 -19 -6
 11 -19 -6
 -12 -18 -6
 11 -18 -6
 -12 -17 -6
 11 -17 -6
 -12 -16 -6
 11 -16 -6
 -12 -15 -6
 11 -15 -6
 -12 -14 -6
 11 -14 -6
 -12 -13 -6
 11 -13 -6
 -12 -12 -6
 11 -12 -6
 -12 -11 -6
 11 -11 -6
 -12 -10 -6
 11 -10 -6
 -12 -9 -6
 11 -9 -6
 -12 -8 -6
 11 -8 -6
 -12 -7 -6
 11 -7 -6
 -12 -6 -6
 11 -6 -6
 -12 -5 -6
 11 -5 -6
 -12 -4 -6
 11 -4 -6
 -12 -3 -6
 11 -3 -6
 -12 -2 -6
 11 -2 -6
 -12 -1 -6
 11 -1 -6
 -12 0 -6
 11 0 -6
 -12 1 -6
 11 1 -6
 -12 2 -6
 11 2 -6
 -12 3 -6
 11 3 -6
 -12 4 -6
 11 4 -6
 -12 5 -6
 11 5 -6
 -12 6 -6
 11 6 -6
 -12 7 -6
 11 7 -6
 -12 8 -6
 -11 8 -6
 10 8 -6
 11 8 -6
 -12 9 -6
 -11 9 -6
 10 9 -6
 11 9 -6
 -11 10 -6
 10 10 -6
 -11 11 -6
 -10 11 -6
 9 11 -6
 10 11 -6
 -10 12 -6
 9 12 -6
 -10 13 -6
 -9 13 -6
 8 13 -6
 9 13 -6
 -9 14 -6
 -8 14 -6
 7 14 -6
 8 14 -6
 -8 15 -6
 -7 15 -6
 6 15 -6
 7 15 -6
 -8 16 -6
 -7 16 -6
 6 16 -6
 7 16 -6
 -7 17 -6
 5 17 -6
 6 17 -6
 -7 18 -6
 -6 18 -6
 5 18 -6
 6 18 -6
 -6 19 -6
 5 19 -6
 -6 20 -6
 5 20 -6
 -6 21 -6
 5 21 -6
 -6 22 -6
 4 22 -6
 5 22 -6
 -6 23 -6
 4 23 -6
 5 23 -6
 -6 24 -6
 4 24 -6
 5 24 -6
 -6 25 -6
 4 25 -6
 5 25 -6
 3 26 -6
 4 26 -6
 5 26 -6
 3 27 -6
 4 27 -6
 3 28 -6
 4 28 -6
 2 29 -6
 3 29 -6
 2 30 -6
 3 30 -6
 2 31 -6
 3 31 -6
 2 32 -6
 1 33 -6
 2 33 -6
 1 34 -6
 2 34 -6
 1 35 -6
 2 35 -6
 0 36 -6
 1 36 -6
 0 37 -6
 1 37 -6
 0 38 -6
 1 38 -6
 0 39 -6
 -1 40 -6
 0 40 -6
 -2 41 -6
 -1 41 -6
 0 41 -6
 1 41 -6
 -1 42 -6
 0 42 -6
 -2 43 -6
 -1 43 -6
 0 43 -6
 1 43 -6
 -3 44 -6
 -2 44 -6
 -1 44 -6
 0 44 -6
 1 44 -6
 -2 45 -6
 -1 45 -6
 0 45 -6
 1 45 -6
 -2 46 -6
 -1 46 -6
 0 46 -6
 -11 -47 -5
 -10 -47 -5
 -9 -47 -5
 -8 -47 -5
 -7 -47 -5
 -6 -47 -5
 -5 -47 -5
 -4 -47 -5
 -3 -47 -5
 -2 -47 -5
 -1 -47 -5
 0 -47 -5
 1 -47 -5
 2 -47 -5
 3 -47 -5
 4 -47 -5
 5 -47 -5
 6 -47 -5
 7 -47 -5
 8 -47 -5
 9 -47 -5
 10 -47 -5
 -12 -46 -5
 -11 -46 -5
 10 -46 -5
 11 -46 -5
 -12 -45 -5
 11 -45 -5
 12 -45 -5
 -13 -44 -5
 -12 -44 -5
 11 -44 -5
 -12 -43 -5
 11 -43 -5
 -12 -42 -5
 11 -42 -5
 -12 -41 -5
 11 -41 -5
 -12 -40 -5
 11 -40 -5
 -12 -39 -5
 11 -39 -5
 -12 -38 -5
 11 -38 -5
 -12 -37 -5
 11 -37 -5
 -12 -36 -5
 11 -36 -5
 -12 -35 -5
 11 -35 -5
 -12 -34 -5
 11 -34 -5
 -12 -33 -5
 11 -33 -5
 -12 -32 -5
 11 -32 -5
 -12 -31 -5
 11 -31 -5
 -12 -30 -5
 11 -30 -5
 -12 -29 -5
 11 -29 -5
 -12 -28 -5
 11 -28 -5
 -12 -27 -5
 11 -27 -5
 -12 -26 -5
 11 -26 -5
 -12 -25 -5
 11 -25 -5
 -12 -24 -5
 11 -24 -5
 -12 -23 -5
 11 -23 -5
 -12 -22 -5
 11 -22 -5
 -12 -21 -5
 11 -21 -5
 -12 -20 -5
 11 -20 -5
 -12 -19 -5
 11 -19 -5
 -12 -18 -5
 11 -18 -5
 -12 -17 -5
 11 -17 -5
 -12 -16 -5
 11 -16 -5
 -12 -15 -5
 11 -15 -5
 -12 -14 -5
 11 -14 -5
 -12 -13 -5
 11 -13 -5
 -12 -12 -5
 11 -12 -5
 -12 -11 -5
 11 -11 -5
 -12 -10 -5
 11 -10 -5
 -12 -9 -5
 11 -9 -5
 -12 -8 -5
 11 -8 -5
 -12 -7 -5
 11 -7 -5
 -12 -6 -5
 11 -6 -5
 -12 -5 -5
 11 -5 -5
 -12 -4 -5
 11 -4 -5
 -12 -3 -5
 11 -3 -5
 -12 -2 -5
 11 -2 -5
 -12 -1 -5
 11 -1 -5
 -12 0 -5
 11 0 -5
 -12 1 -5
 11 1 -5
 -12 2 -5
 11 2 -5
 -12 3 -5
 11 3 -5
 -12 4 -5
 11 4 -5
 -12 5 -5
 11 5 -5
 -12 6 -5
 11 6 -5
 -12 7 -5
 11 7 -5
 -12 8 -5
 11 8 -5
 -12 9 -5
 11 9 -5
 -12 10 -5
 -11 10 -5
 10 10 -5
 11 10 -5
 -11 11 -5
 10 11 -5
 -11 12 -5
 -10 12 -5
 9 12 -5
 10 12 -5
 -10 13 -5
 -9 13 -5
 8 13 -5
 9 13 -5
 -9 14 -5
 -8 14 -5
 7 14 -5
 8 14 -5
 -9 15 -5
 -8 15 -5
 7 15 -5
 8 15 -5
 -8 16 -5
 -7 16 -5
 6 16 -5
 7 16 -5
 -8 17 -5
 -7 17 -5
 6 17 -5
 7 17 -5
 -7 18 -5
 6 18 -5
 -7 19 -5
 -6 19 -5
 5 19 -5
 6 19 -5
 -7 20 -5
 -6 20 -5
 5 20 -5
 6 20 -5
 -7 21 -5
 -6 21 -5
 5 21 -5
 6 21 -5
 -6 22 -5
 5 22 -5
 -6 23 -5
 5 23 -5
 -6 24 -5
 5 24 -5
 -6 25 -5
 5 25 -5
 -6 26 -5
 4 26 -5
 5 26 -5
 -6 27 -5
 -5 27 -5
 4 27 -5
 5 27 -5
 -6 28 -5
 -5 28 -5
 4 28 -5
 5 28 -5
 -6 29 -5
 -5 29 -5
 3 29 -5
 4 29 -5
 -5 30 -5
 3 30 -5
 4 30 -5
 -5 31 -5
 3 31 -5
 4 31 -5
 -5 32 -5
 3 32 -5
 4 32 -5
 -5 33 -5
 2 33 -5
 3 33 -5
 4 33 -5
 -5 34 -5
 2 34 -5
 3 34 -5
 4 34 -5
 -5 35 -5
 1 35 -5
 2 35 -5
 3 35 -5
 4 35 -5
 -5 36 -5
 1 36 -5
 2 36 -5
 3 36 -5
 4 36 -5
 1 37 -5
 2 37 -5
 3 37 -5
 1 38 -5
 2 38 -5
 3 38 -5
 0 39 -5
 1 39 -5
 2 39 -5
 3 39 -5
 -3 40 -5
 -2 40 -5
 -1 40 -5
 0 40 -5
 1 40 -5
 2 40 -5
 -4 41 -5
 -3 41 -5
 -2 41 -5
 0 41 -5
 1 41 -5
 2 41 -5
 3 41 -5
 -4 42 -5
 -3 42 -5
 -2 42 -5
 -1 42 -5
 0 42 -5
 1 42 -5
 2 42 -5
 -4 43 -5
 -3 43 -5
 -2 43 -5
 -1 43 -5
 0 43 -5
 1 43 -5
 2 43 -5
 3 43 -5
 -4 44 -5
 -3 44 -5
 2 44 -5
 3 44 -5
 4 44 -5
 -4 45 -5
 -3 45 -5
 -2 45 -5
 1 45 -5
 2 45 -5
 3 45 -5
 -4 46 -5
 -3 46 -5
 -2 46 -5
 -1 46 -5
 0 46 -5
 1 46 -5
 2 46 -5
 3 46 -5
 -12 -47 -4
 -11 -47 -4
 -10 -47 -4
 -9 -47 -4
 -8 -47 -4
 -7 -47 -4
 -6 -47 -4
 -5 -47 -4
 -4 -47 -4
 -3 -47 -4
 -2 -47 -4
 -1 -47 -4
 0 -47 -4
 1 -47 -4
 2 -47 -4
 3 -47 -4
 4 -47 -4
 5 -47 -4
 6 -47 -4
 7 -47 -4
 8 -47 -4
 9 -47 -4
 10 -47 -4
 -12 -46 -4
 -11 -46 -4
 11 -46 -4
 -13 -45 -4
 -12 -45 -4
 11 -45 -4
 12 -45 -4
 -13 -44 -4
 12 -44 -4
 -13 -43 -4
 11 -43 -4
 12 -43 -4
 -13 -42 -4
 -12 -42 -4
 11 -42 -4
 12 -42 -4
 -13 -41 -4
 -12 -41 -4
 11 -41 -4
 12 -41 -4
 -13 -40 -4
 -12 -40 -4
 11 -40 -4
 12 -40 -4
 -13 -39 -4
 -12 -39 -4
 11 -39 -4
 12 -39 -4
 -13 -38 -4
 -12 -38 -4
 11 -38 -4
 12 -38 -4
 -13 -37 -4
 -12 -37 -4
 11 -37 -4
 12 -37 -4
 -13 -36 -4
 -12 -36 -4
 11 -36 -4
 12 -36 -4
 -13 -35 -4
 -12 -35 -4
 11 -35 -4
 12 -35 -4
 -13 -34 -4
 11 -34 -4
 12 -34 -4
 -13 -33 -4
 -12 -33 -4
 11 -33 -4
 12 -33 -4
 -13 -32 -4
 -12 -32 -4
 11 -32 -4
 12 -32 -4
 -13 -31 -4
 -12 -31 -4
 11 -31 -4
 12 -31 -4
 -13 -30 -4
 -12 -30 -4
 11 -30 -4
 12 -30 -4
 -13 -29 -4
 -12 -29 -4
 11 -29 -4
 12 -29 -4
 -13 -28 -4
 -12 -28 -4
 11 -28 -4
 12 -28 -4
 -13 -27 -4
 -12 -27 -4
 11 -27 -4
 12 -27 -4
 -13 -26 -4
 -12 -26 -4
 11 -26 -4
 12 -26 -4
 -13 -25 -4
 -12 -25 -4
 11 -25 -4
 12 -25 -4
 -13 -24 -4
 -12 -24 -4
 11 -24 -4
 12 -24 -4
 -13 -23 -4
 11 -23 -4
 12 -23 -4
 -13 -22 -4
 -12 -22 -4
 11 -22 -4
 12 -22 -4
 -13 -21 -4
 -12 -21 -4
 11 -21 -4
 12 -21 -4
 -13 -20 -4
 -12 -20 -4
 11 -20 -4
 12 -20 -4
 -13 -19 -4
 -12 -19 -4
 11 -19 -4
 12 -19 -4
 -13 -18 -4
 -12 -18 -4
 11 -18 -4
 12 -18 -4
 -13 -17 -4
 -12 -17 -4
 11 -17 -4
 12 -17 -4
 -13 -16 -4
 -12 -16 -4
 11 -16 -4
 12 -16 -4
 -13 -15 -4
 -12 -15 -4
 11 -15 -4
 12 -15 -4
 -13 -14 -4
 -12 -14 -4
 11 -14 -4
 12 -14 -4
 -13 -13 -4
 -12 -13 -4
 11 -13 -4
 12 -13 -4
 -13 -12 -4
 -12 -12 -4
 11 -12 -4
 12 -12 -4
 -13 -11 -4
 -12 -11 -4
 12 -11 -4
 -13 -10 -4
 -12 -10 -4
 11 -10 -4
 12 -10 -4
 -13 -9 -4
 -12 -9 -4
 11 -9 -4
 12 -9 -4
 -13 -8 -4
 -12 -8 -4
 11 -8 -4
 12 -8 -4
 -13 -7 -4
 -12 -7 -4
 11 -7 -4
 12 -7 -4
 -13 -6 -4
 -12 -6 -4
 11 -6 -4
 12 -6 -4
 -13 -5 -4
 -12 -5 -4
 11 -5 -4
 12 -5 -4
 -13 -4 -4
 -12 -4 -4
 11 -4 -4
 12 -4 -4
 -13 -3 -4
 -12 -3 -4
 11 -3 -4
 12 -3 -4
 -13 -2 -4
 -12 -2 -4
 11 -2 -4
 12 -2 -4
 -13 -1 -4
 -12 -1 -4
 11 -1 -4
 12 -1 -4
 -13 0 -4
 -12 0 -4
 11 0 -4
 12 0 -4
 -13 1 -4
 -12 1 -4
 11 1 -4
 12 1 -4
 -13 2 -4
 -12 2 -4
 11 2 -4
 12 2 -4
 -13 3 -4
 -12 3 -4
 11 3 -4
 12 3 -4
 -13 4 -4
 -12 4 -4
 11 4 -4
 12 4 -4
 -13 5 -4
 -12 5 -4
 11 5 -4
 12 5 -4
 -13 6 -4
 -12 6 -4
 11 6 -4
 12 6 -4
 -13 7 -4
 -12 7 -4
 11 7 -4
 12 7 -4
 -13 8 -4
 -12 8 -4
 11 8 -4
 12 8 -4
 -12 9 -4
 11 9 -4
 12 9 -4
 -12 10 -4
 11 10 -4
 -12 11 -4
 -11 11 -4
 10 11 -4
 11 11 -4
 -11 12 -4
 9 12 -4
 10 12 -4
 -10 13 -4
 9 13 -4
 10 13 -4
 -10 14 -4
 -9 14 -4
 8 14 -4
 9 14 -4
 -9 15 -4
 -8 15 -4
 7 15 -4
 8 15 -4
 -8 16 -4
 7 16 -4
 -8 17 -4
 -7 17 -4
 6 17 -4
 7 17 -4
 -7 18 -4
 6 18 -4
 -7 19 -4
 6 19 -4
 -7 20 -4
 6 20 -4
 -7 21 -4
 6 21 -4
 -7 22 -4
 5 22 -4
 6 22 -4
 -7 23 -4
 -6 23 -4
 5 23 -4
 6 23 -4
 -7 24 -4
 -6 24 -4
 5 24 -4
 6 24 -4
 -6 25 -4
 5 25 -4
 6 25 -4
 -6 26 -4
 5 26 -4
 -6 27 -4
 5 27 -4
 -6 28 -4
 5 28 -4
 -6 29 -4
 -5 29 -4
 5 29 -4
 -6 30 -4
 -5 30 -4
 4 30 -4
 5 30 -4
 -6 31 -4
 -5 31 -4
 4 31 -4
 5 31 -4
 -5 32 -4
 4 32 -4
 5 32 -4
 -5 33 -4
 4 33 -4
 -5 34 -4
 4 34 -4
 -5 35 -4
 4 35 -4
 -5 36 -4
 3 36 -4
 4 36 -4
 -5 37 -4
 -4 37 -4
 3 37 -4
 4 37 -4
 -5 38 -4
 -4 38 -4
 3 38 -4
 4 38 -4
 -4 39 -4
 3 39 -4
 4 39 -4
 -4 40 -4
 -3 40 -4
 2 40 -4
 3 40 -4
 4 40 -4
 -5 41 -4
 -4 41 -4
 3 41 -4
 4 41 -4
 -4 42 -4
 -3 42 -4
 2 42 -4
 3 42 -4
 4 42 -4
 -5 43 -4
 -4 43 -4
 -3 43 -4
 2 43 -4
 3 43 -4
 4 43 -4
 -5 44 -4
 4 44 -4
 -5 45 -4
 -4 45 -4
 3 45 -4
 4 45 -4
 -5 46 -4
 -4 46 -4
 -3 46 -4
 -2 46 -4
 -1 46 -4
 0 46 -4
 1 46 -4
 2 46 -4
 3 46 -4
 4 46 -4
 -12 -47 -3
 -11 -47 -3
 -10 -47 -3
 -9 -47 -3
 -8 -47 -3
 -7 -47 -3
 -6 -47 -3
 -5 -47 -3
 -4 -47 -3
 -3 -47 -3
 -2 -47 -3
 -1 -47 -3
 0 -47 -3
 1 -47 -3
 2 -47 -3
 3 -47 -3
 4 -47 -3
 5 -47 -3
 6 -47 -3
 7 -47 -3
 8 -47 -3
 9 -47 -3
 10 -47 -3
 11 -47 -3
 -12 -46 -3
 11 -46 -3
 12 -46 -3
 -13 -45 -3
 12 -45 -3
 -13 -44 -3
 12 -44 -3
 -13 -43 -3
 12 -43 -3
 -13 -42 -3
 12 -42 -3
 -13 -41 -3
 12 -41 -3
 -13 -40 -3
 12 -40 -3
 -13 -39 -3
 12 -39 -3
 -13 -38 -3
 12 -38 -3
 -13 -37 -3
 12 -37 -3
 -13 -36 -3
 12 -36 -3
 -13 -35 -3
 12 -35 -3
 -13 -34 -3
 12 -34 -3
 -13 -33 -3
 12 -33 -3
 -13 -32 -3
 12 -32 -3
 -13 -31 -3
 12 -31 -3
 -13 -30 -3
 12 -30 -3
 -13 -29 -3
 12 -29 -3
 -13 -28 -3
 12 -28 -3
 -13 -27 -3
 12 -27 -3
 -13 -26 -3
 12 -26 -3
 -13 -25 -3
 12 -25 -3
 -13 -24 -3
 12 -24 -3
 -13 -23 -3
 12 -23 -3
 -13 -22 -3
 12 -22 -3
 -13 -21 -3
 12 -21 -3
 -13 -20 -3
 12 -20 -3
 -13 -19 -3
 12 -19 -3
 -13 -18 -3
 12 -18 -3
 -13 -17 -3
 12 -17 -3
 -13 -16 -3
 12 -16 -3
 -13 -15 -3
 12 -15 -3
 -13 -14 -3
 12 -14 -3
 -13 -13 -3
 12 -13 -3
 -13 -12 -3
 12 -12 -3
 -13 -11 -3
 12 -11 -3
 -13 -10 -3
 12 -10 -3
 -13 -9 -3
 12 -9 -3
 -13 -8 -3
 12 -8 -3
 -13 -7 -3
 12 -7 -3
 -13 -6 -3
 12 -6 -3
 -13 -5 -3
 12 -5 -3
 -13 -4 -3
 12 -4 -3
 -13 -3 -3
 12 -3 -3
 -13 -2 -3
 12 -2 -3
 -13 -1 -3
 12 -1 -3
 -13 0 -3
 12 0 -3
 -13 1 -3
 12 1 -3
 -13 2 -3
 12 2 -3
 -13 3 -3
 12 3 -3
 -13 4 -3
 12 4 -3
 -13 5 -3
 12 5 -3
 -13 6 -3
 12 6 -3
 -13 7 -3
 12 7 -3
 -13 8 -3
 12 8 -3
 -13 9 -3
 -12 9 -3
 11 9 -3
 12 9 -3
 -13 10 -3
 -12 10 -3
 11 10 -3
 -12 11 -3
 -11 11 -3
 10 11 -3
 11 11 -3
 -12 12 -3
 -11 12 -3
 10 12 -3
 11 12 -3
 -11 13 -3
 -10 13 -3
 9 13 -3
 10 13 -3
 -10 14 -3
 -9 14 -3
 8 14 -3
 9 14 -3
 -9 15 -3
 8 15 -3
 -9 16 -3
 -8 16 -3
 7 16 -3
 8 16 -3
 -8 17 -3
 7 17 -3
 -8 18 -3
 -7 18 -3
 6 18 -3
 7 18 -3
 -8 19 -3
 -7 19 -3
 6 19 -3
 7 19 -3
 -8 20 -3
 -7 20 -3
 6 20 -3
 7 20 -3
 -7 21 -3
 6 21 -3
 -7 22 -3
 6 22 -3
 -7 23 -3
 6 23 -3
 -7 24 -3
 6 24 -3
 -7 25 -3
 -6 25 -3
 6 25 -3
 -7 26 -3
 -6 26 -3
 5 26 -3
 6 26 -3
 -7 27 -3
 -6 27 -3
 5 27 -3
 6 27 -3
 -6 28 -3
 5 28 -3
 -6 29 -3
 5 29 -3
 -6 30 -3
 5 30 -3
 -6 31 -3
 5 31 -3
 -6 32 -3
 -5 32 -3
 4 32 -3
 5 32 -3
 -6 33 -3
 -5 33 -3
 4 33 -3
 5 33 -3
 -6 34 -3
 -5 34 -3
 4 34 -3
 5 34 -3
 -5 35 -3
 4 35 -3
 -5 36 -3
 4 36 -3
 -5 37 -3
 4 37 -3
 -5 38 -3
 4 38 -3
 -5 39 -3
 4 39 -3
 -5 40 -3
 -4 40 -3
 3 40 -3
 4 40 -3
 -5 41 -3
 4 41 -3
 -5 42 -3
 -4 42 -3
 3 42 -3
 4 42 -3
 -5 43 -3
 -4 43 -3
 3 43 -3
 4 43 -3
 -5 44 -3
 4 44 -3
 -5 45 -3
 4 45 -3
 -5 46 -3
 -4 46 -3
 -3 46 -3
 -2 46 -3
 -1 46 -3
 0 46 -3
 1 46 -3
 2 46 -3
 3 46 -3
 4 46 -3
 -12 -47 -2
 -11 -47 -2
 -10 -47 -2
 -9 -47 -2
 -8 -47 -2
 -7 -47 -2
 -6 -47 -2
 -5 -47 -2
 -4 -47 -2
 -3 -47 -2
 -2 -47 -2
 -1 -47 -2
 0 -47 -2
 1 -47 -2
 2 -47 -2
 3 -47 -2
 4 -47 -2
 5 -47 -2
 6 -47 -2
 7 -47 -2
 8 -47 -2
 9 -47 -2
 10 -47 -2
 11 -47 -2
 -13 -46 -2
 -12 -46 -2
 11 -46 -2
 12 -46 -2
 -13 -45 -2
 12 -45 -2
 -13 -44 -2
 12 -44 -2
 -13 -43 -2
 12 -43 -2
 13 -43 -2
 -14 -42 -2
 -13 -42 -2
 12 -42 -2
 13 -42 -2
 -14 -41 -2
 -13 -41 -2
 12 -41 -2
 13 -41 -2
 -14 -40 -2
 -13 -40 -2
 12 -40 -2
 13 -40 -2
 -14 -39 -2
 -13 -39 -2
 12 -39 -2
 13 -39 -2
 -14 -38 -2
 -13 -38 -2
 12 -38 -2
 13 -38 -2
 -14 -37 -2
 -13 -37 -2
 12 -37 -2
 13 -37 -2
 -14 -36 -2
 -13 -36 -2
 12 -36 -2
 13 -36 -2
 -14 -35 -2
 -13 -35 -2
 12 -35 -2
 13 -35 -2
 -14 -34 -2
 -13 -34 -2
 12 -34 -2
 13 -34 -2
 -14 -33 -2
 -13 -33 -2
 12 -33 -2
 13 -33 -2
 -14 -32 -2
 -13 -32 -2
 12 -32 -2
 13 -32 -2
 -14 -31 -2
 -13 -31 -2
 12 -31 -2
 13 -31 -2
 -14 -30 -2
 -13 -30 -2
 12 -30 -2
 13 -30 -2
 -14 -29 -2
 -13 -29 -2
 12 -29 -2
 13 -29 -2
 -14 -28 -2
 -13 -28 -2
 12 -28 -2
 13 -28 -2
 -14 -27 -2
 -13 -27 -2
 12 -27 -2
 13 -27 -2
 -14 -26 -2
 -13 -26 -2
 12 -26 -2
 13 -26 -2
 -14 -25 -2
 -13 -25 -2
 12 -25 -2
 13 -25 -2
 -14 -24 -2
 -13 -24 -2
 12 -24 -2
 13 -24 -2
 -14 -23 -2
 -13 -23 -2
 12 -23 -2
 13 -23 -2
 -14 -22 -2
 -13 -22 -2
 12 -22 -2
 13 -22 -2
 -14 -21 -2
 -13 -21 -2
 12 -21 -2
 13 -21 -2
 -14 -20 -2
 -13 -20 -2
 12 -20 -2
 13 -20 -2
 -14 -19 -2
 -13 -19 -2
 12 -19 -2
 13 -19 -2
 -14 -18 -2
 -13 -18 -2
 12 -18 -2
 13 -18 -2
 -14 -17 -2
 -13 -17 -2
 12 -17 -2
 13 -17 -2
 -14 -16 -2
 -13 -16 -2
 12 -16 -2
 13 -16 -2
 -14 -15 -2
 -13 -15 -2
 12 -15 -2
 13 -15 -2
 -14 -14 -2
 -13 -14 -2
 12 -14 -2
 13 -14 -2
 -14 -13 -2
 -13 -13 -2
 12 -13 -2
 13 -13 -2
 -14 -12 -2
 -13 -12 -2
 12 -12 -2
 13 -12 -2
 -14 -11 -2
 -13 -11 -2
 12 -11 -2
 13 -11 -2
 -14 -10 -2
 -13 -10 -2
 12 -10 -2
 13 -10 -2
 -14 -9 -2
 -13 -9 -2
 12 -9 -2
 13 -9 -2
 -14 -8 -2
 -13 -8 -2
 12 -8 -2
 13 -8 -2
 -14 -7 -2
 -13 -7 -2
 12 -7 -2
 13 -7 -2
 -14 -6 -2
 -13 -6 -2
 12 -6 -2
 13 -6 -2
 -14 -5 -2
 -13 -5 -2
 12 -5 -2
 13 -5 -2
 -14 -4 -2
 -13 -4 -2
 12 -4 -2
 13 -4 -2
 -14 -3 -2
 -13 -3 -2
 12 -3 -2
 13 -3 -2
 -14 -2 -2
 -13 -2 -2
 12 -2 -2
 13 -2 -2
 -14 -1 -2
 -13 -1 -2
 12 -1 -2
 13 -1 -2
 -14 0 -2
 -13 0 -2
 12 0 -2
 13 0 -2
 -14 1 -2
 -13 1 -2
 12 1 -2
 13 1 -2
 -14 2 -2
 -13 2 -2
 12 2 -2
 13 2 -2
 -14 3 -2
 -13 3 -2
 12 3 -2
 13 3 -2
 -14 4 -2
 -13 4 -2
 12 4 -2
 13 4 -2
 -14 5 -2
 -13 5 -2
 12 5 -2
 13 5 -2
 -14 6 -2
 -13 6 -2
 12 6 -2
 13 6 -2
 -14 7 -2
 -13 7 -2
 12 7 -2
 13 7 -2
 -14 8 -2
 -13 8 -2
 12 8 -2
 13 8 -2
 -13 9 -2
 12 9 -2
 -13 10 -2
 -12 10 -2
 11 10 -2
 12 10 -2
 -12 11 -2
 11 11 -2
 12 11 -2
 -12 12 -2
 -11 12 -2
 10 12 -2
 11 12 -2
 -11 13 -2
 -10 13 -2
 9 13 -2
 10 13 -2
 -11 14 -2
 -10 14 -2
 9 14 -2
 -10 15 -2
 -9 15 -2
 8 15 -2
 9 15 -2
 -9 16 -2
 8 16 -2
 -9 17 -2
 -8 17 -2
 7 17 -2
 8 17 -2
 -8 18 -2
 7 18 -2
 -8 19 -2
 7 19 -2
 -8 20 -2
 6 20 -2
 7 20 -2
 -8 21 -2
 7 21 -2
 -8 22 -2
 -7 22 -2
 6 22 -2
 7 22 -2
 -7 23 -2
 6 23 -2
 7 23 -2
 -7 24 -2
 6 24 -2
 -7 25 -2
 6 25 -2
 -7 26 -2
 6 26 -2
 -7 27 -2
 6 27 -2
 -7 28 -2
 -6 28 -2
 5 28 -2
 6 28 -2
 -7 29 -2
 -6 29 -2
 5 29 -2
 6 29 -2
 -7 30 -2
 -6 30 -2
 5 30 -2
 6 30 -2
 -6 31 -2
 5 31 -2
 -6 32 -2
 5 32 -2
 -6 33 -2
 5 33 -2
 -6 34 -2
 5 34 -2
 -6 35 -2
 4 35 -2
 5 35 -2
 -6 36 -2
 -5 36 -2
 4 36 -2
 5 36 -2
 -6 37 -2
 -5 37 -2
 4 37 -2
 5 37 -2
 -5 38 -2
 4 38 -2
 -5 39 -2
 4 39 -2
 -5 40 -2
 4 40 -2
 -6 41 -2
 -5 41 -2
 4 41 -2
 5 41 -2
 -5 42 -2
 4 42 -2
 -6 43 -2
 -5 43 -2
 4 43 -2
 5 43 -2
 -6 44 -2
 -5 44 -2
 5 44 -2
 -6 45 -2
 -5 45 -2
 4 45 -2
 5 45 -2
 -6 46 -2
 -5 46 -2
 -4 46 -2
 -3 46 -2
 -2 46 -2
 -1 46 -2
 0 46 -2
 1 46 -2
 2 46 -2
 3 46 -2
 4 46 -2
 5 46 -2
 -12 -47 -1
 -11 -47 -1
 -10 -47 -1
 -9 -47 -1
 -8 -47 -1
 -7 -47 -1
 -6 -47 -1
 -5 -47 -1
 -4 -47 -1
 -3 -47 -1
 -2 -47 -1
 -1 -47 -1
 0 -47 -1
 1 -47 -1
 2 -47 -1
 3 -47 -1
 4 -47 -1
 5 -47 -1
 6 -47 -1
 7 -47 -1
 8 -47 -1
 9 -47 -1
 10 -47 -1
 11 -47 -1
 -13 -46 -1
 -12 -46 -1
 11 -46 -1
 12 -46 -1
 -13 -45 -1
 12 -45 -1
 -13 -44 -1
 12 -44 -1
 -14 -43 -1
 -13 -43 -1
 12 -43 -1
 13 -43 -1
 -14 -42 -1
 13 -42 -1
 -14 -41 -1
 13 -41 -1
 -14 -40 -1
 13 -40 -1
 -14 -39 -1
 13 -39 -1
 -14 -38 -1
 13 -38 -1
 -14 -37 -1
 13 -37 -1
 -14 -36 -1
 13 -36 -1
 -14 -35 -1
 13 -35 -1
 -14 -34 -1
 13 -34 -1
 -14 -33 -1
 13 -33 -1
 -14 -32 -1
 13 -32 -1
 -14 -31 -1
 13 -31 -1
 -14 -30 -1
 13 -30 -1
 -14 -29 -1
 13 -29 -1
 -14 -28 -1
 13 -28 -1
 -14 -27 -1
 13 -27 -1
 -14 -26 -1
 13 -26 -1
 -14 -25 -1
 13 -25 -1
 -14 -24 -1
 13 -24 -1
 -14 -23 -1
 13 -23 -1
 -14 -22 -1
 13 -22 -1
 -14 -21 -1
 13 -21 -1
 -14 -20 -1
 13 -20 -1
 -14 -19 -1
 13 -19 -1
 -14 -18 -1
 13 -18 -1
 -14 -17 -1
 13 -17 -1
 -14 -16 -1
 13 -16 -1
 -14 -15 -1
 13 -15 -1
 -14 -14 -1
 13 -14 -1
 -14 -13 -1
 13 -13 -1
 -14 -12 -1
 13 -12 -1
 -14 -11 -1
 13 -11 -1
 -14 -10 -1
 13 -10 -1
 -14 -9 -1
 13 -9 -1
 -14 -8 -1
 13 -8 -1
 -14 -7 -1
 13 -7 -1
 -14 -6 -1
 13 -6 -1
 -14 -5 -1
 13 -5 -1
 -14 -4 -1
 13 -4 -1
 -14 -3 -1
 13 -3 -1
 -14 -2 -1
 13 -2 -1
 -14 -1 -1
 13 -1 -1
 -14 0 -1
 13 0 -1
 -14 1 -1
 13 1 -1
 -14 2 -1
 13 2 -1
 -14 3 -1
 13 3 -1
 -14 4 -1
 13 4 -1
 -14 5 -1
 13 5 -1
 -14 6 -1
 13 6 -1
 -14 7 -1
 13 7 -1
 -14 8 -1
 -13 8 -1
 13 8 -1
 -14 9 -1
 -13 9 -1
 12 9 -1
 13 9 -1
 -13 10 -1
 12 10 -1
 -13 11 -1
 -12 11 -1
 11 11 -1
 12 11 -1
 -12 12 -1
 11 12 -1
 -12 13 -1
 -11 13 -1
 10 13 -1
 11 13 -1
 -11 14 -1
 -10 14 -1
 9 14 -1
 10 14 -1
 -10 15 -1
 -9 15 -1
 8 15 -1
 9 15 -1
 -10 16 -1
 -9 16 -1
 8 16 -1
 9 16 -1
 -9 17 -1
 8 17 -1
 -9 18 -1
 -8 18 -1
 7 18 -1
 8 18 -1
 -9 19 -1
 -8 19 -1
 7 19 -1
 8 19 -1
 -8 20 -1
 7 20 -1
 -8 21 -1
 7 21 -1
 -8 22 -1
 7 22 -1
 -8 23 -1
 7 23 -1
 -8 24 -1
 -7 24 -1
 6 24 -1
 7 24 -1
 -8 25 -1
 -7 25 -1
 6 25 -1
 7 25 -1
 -8 26 -1
 -7 26 -1
 6 26 -1
 7 26 -1
 -7 27 -1
 6 27 -1
 -7 28 -1
 6 28 -1
 -7 29 -1
 6 29 -1
 -7 30 -1
 6 30 -1
 -7 31 -1
 -6 31 -1
 5 31 -1
 6 31 -1
 -7 32 -1
 -6 32 -1
 5 32 -1
 6 32 -1
 -7 33 -1
 -6 33 -1
 5 33 -1
 6 33 -1
 -6 34 -1
 5 34 -1
 -6 35 -1
 5 35 -1
 -6 36 -1
 5 36 -1
 -6 37 -1
 5 37 -1
 -6 38 -1
 4 38 -1
 5 38 -1
 -6 39 -1
 -5 39 -1
 4 39 -1
 5 39 -1
 -6 40 -1
 -5 40 -1
 4 40 -1
 5 40 -1
 -6 41 -1
 -5 41 -1
 5 41 -1
 -6 42 -1
 -5 42 -1
 4 42 -1
 5 42 -1
 -6 43 -1
 -5 43 -1
 4 43 -1
 5 43 -1
 -6 44 -1
 5 44 -1
 -6 45 -1
 5 45 -1
 -6 46 -1
 -5 46 -1
 -4 46 -1
 -3 46 -1
 -2 46 -1
 -1 46 -1
 0 46 -1
 1 46 -1
 2 46 -1
 3 46 -1
 4 46 -1
 5 46 -1
 -12 -47 0
 -11 -47 0
 -10 -47 0
 -9 -47 0
 -8 -47 0
 -7 -47 0
 -6 -47 0
 -5 -47 0
 -4 -47 0
 -3 -47 0
 -2 -47 0
 -1 -47 0
 0 -47 0
 1 -47 0
 2 -47 0
 3 -47 0
 4 -47 0
 5 -47 0
 6 -47 0
 7 -47 0
 8 -47 0
 9 -47 0
 10 -47 0
 11 -47 0
 -13 -46 0
 -12 -46 0
 11 -46 0
 12 -46 0
 -13 -45 0
 12 -45 0
 -14 -44 0
 -13 -44 0
 12 -44 0
 13 -44 0
 -14 -43 0
 -13 -43 0
 12 -43 0
 13 -43 0
 -14 -42 0
 13 -42 0
 -14 -41 0
 13 -41 0
 -14 -40 0
 13 -40 0
 -14 -39 0
 13 -39 0
 -14 -38 0
 13 -38 0
 -14 -37 0
 13 -37 0
 -14 -36 0
 13 -36 0
 -14 -35 0
 13 -35 0
 -14 -34 0
 13 -34 0
 -14 -33 0
 13 -33 0
 -14 -32 0
 13 -32 0
 -14 -31 0
 13 -31 0
 -14 -30 0
 13 -30 0
 -14 -29 0
 13 -29 0
 -14 -28 0
 13 -28 0
 -14 -27 0
 13 -27 0
 -14 -26 0
 13 -26 0
 -14 -25 0
 13 -25 0
 -14 -24 0
 13 -24 0
 -14 -23 0
 13 -23 0
 -14 -22 0
 13 -22 0
 -14 -21 0
 13 -21 0
 -14 -20 0
 13 -20 0
 -14 -19 0
 13 -19 0
 -14 -18 0
 13 -18 0
 -14 -17 0
 13 -17 0
 -14 -16 0
 13 -16 0
 -14 -15 0
 13 -15 0
 -14 -14 0
 13 -14 0
 -14 -13 0
 13 -13 0
 -14 -12 0
 13 -12 0
 -14 -11 0
 13 -11 0
 -14 -10 0
 13 -10 0
 -14 -9 0
 13 -9 0
 -14 -8 0
 13 -8 0
 -14 -7 0
 13 -7 0
 -14 -6 0
 13 -6 0
 -14 -5 0
 13 -5 0
 -14 -4 0
 13 -4 0
 -14 -3 0
 13 -3 0
 -14 -2 0
 13 -2 0
 -14 -1 0
 13 -1 0
 -14 0 0
 13 0 0
 -14 1 0
 13 1 0
 -14 2 0
 13 2 0
 -14 3 0
 13 3 0
 -14 4 0
 13 4 0
 -14 5 0
 13 5 0
 -14 6 0
 13 6 0
 -14 7 0
 13 7 0
 -14 8 0
 -13 8 0
 12 8 0
 13 8 0
 -14 9 0
 -13 9 0
 12 9 0
 13 9 0
 -13 10 0
 12 10 0
 -13 11 0
 -12 11 0
 11 11 0
 12 11 0
 -12 12 0
 11 12 0
 -12 13 0
 -11 13 0
 10 13 0
 11 13 0
 -11 14 0
 -10 14 0
 9 14 0
 10 14 0
 -10 15 0
 -9 15 0
 9 15 0
 -10 16 0
 -9 16 0
 8 16 0
 9 16 0
 -9 17 0
 8 17 0
 -9 18 0
 -8 18 0
 7 18 0
 8 18 0
 -9 19 0
 -8 19 0
 7 19 0
 -8 20 0
 7 20 0
 -8 21 0
 7 21 0
 -8 22 0
 7 22 0
 -8 23 0
 7 23 0
 -8 24 0
 -7 24 0
 6 24 0
 7 24 0
 -8 25 0
 -7 25 0
 6 25 0
 7 25 0
 -8 26 0
 -7 26 0
 6 26 0
 7 26 0
 -7 27 0
 6 27 0
 -7 28 0
 6 28 0
 -7 29 0
 6 29 0
 -7 30 0
 6 30 0
 -7 31 0
 -6 31 0
 5 31 0
 6 31 0
 -7 32 0
 -6 32 0
 5 32 0
 6 32 0
 -7 33 0
 -6 33 0
 5 33 0
 6 33 0
 -6 34 0
 5 34 0
 -6 35 0
 5 35 0
 -6 36 0
 5 36 0
 -6 37 0
 5 37 0
 -6 38 0
 -5 38 0
 4 38 0
 5 38 0
 -6 39 0
 -5 39 0
 4 39 0
 5 39 0
 -6 40 0
 -5 40 0
 4 40 0
 5 40 0
 -6 41 0
 4 41 0
 5 41 0
 -6 42 0
 -5 42 0
 4 42 0
 5 42 0
 -6 43 0
 -5 43 0
 4 43 0
 5 43 0
 -6 44 0
 5 44 0
 -6 45 0
 5 45 0
 -6 46 0
 -5 46 0
 -4 46 0
 -3 46 0
 -2 46 0
 -1 46 0
 0 46 0
 1 46 0
 2 46 0
 3 46 0
 4 46 0
 5 46 0
 -12 -47 1
 -11 -47 1
 -10 -47 1
 -9 -47 1
 -8 -47 1
 -7 -47 1
 -6 -47 1
 -5 -47 1
 -4 -47 1
 -3 -47 1
 -2 -47 1
 -1 -47 1
 0 -47 1
 1 -47 1
 2 -47 1
 3 -47 1
 4 -47 1
 5 -47 1
 6 -47 1
 7 -47 1
 8 -47 1
 9 -47 1
 10 -47 1
 11 -47 1
 -13 -46 1
 -12 -46 1
 11 -46 1
 12 -46 1
 -13 -45 1
 12 -45 1
 -13 -44 1
 12 -44 1
 -14 -43 1
 -13 -43 1
 12 -43 1
 13 -43 1
 -14 -42 1
 -13 -42 1
 12 -42 1
 13 -42 1
 -14 -41 1
 -13 -41 1
 12 -41 1
 13 -41 1
 -14 -40 1
 -13 -40 1
 12 -40 1
 13 -40 1
 -14 -39 1
 -13 -39 1
 12 -39 1
 13 -39 1
 -14 -38 1
 -13 -38 1
 12 -38 1
 13 -38 1
 -14 -37 1
 -13 -37 1
 12 -37 1
 13 -37 1
 -14 -36 1
 -13 -36 1
 12 -36 1
 13 -36 1
 -14 -35 1
 -13 -35 1
 12 -35 1
 13 -35 1
 -14 -34 1
 -13 -34 1
 12 -34 1
 13 -34 1
 -14 -33 1
 -13 -33 1
 12 -33 1
 13 -33 1
 -14 -32 1
 -13 -32 1
 12 -32 1
 13 -32 1
 -14 -31 1
 -13 -31 1
 12 -31 1
 13 -31 1
 -14 -30 1
 -13 -30 1
 12 -30 1
 13 -30 1
 -14 -29 1
 -13 -29 1
 12 -29 1
 13 -29 1
 -14 -28 1
 -13 -28 1
 12 -28 1
 13 -28 1
 -14 -27 1
 -13 -27 1
 12 -27 1
 13 -27 1
 -14 -26 1
 -13 -26 1
 12 -26 1
 13 -26 1
 -14 -25 1
 -13 -25 1
 12 -25 1
 13 -25 1
 -14 -24 1
 -13 -24 1
 12 -24 1
 13 -24 1
 -14 -23 1
 -13 -23 1
 12 -23 1
 13 -23 1
 -14 -22 1
 -13 -22 1
 12 -22 1
 13 -22 1
 -14 -21 1
 -13 -21 1
 12 -21 1
 13 -21 1
 -14 -20 1
 -13 -20 1
 12 -20 1
 13 -20 1
 -14 -19 1
 -13 -19 1
 12 -19 1
 13 -19 1
 -14 -18 1
 -13 -18 1
 12 -18 1
 13 -18 1
 -14 -17 1
 -13 -17 1
 12 -17 1
 13 -17 1
 -14 -16 1
 -13 -16 1
 12 -16 1
 13 -16 1
 -14 -15 1
 -13 -15 1
 12 -15 1
 13 -15 1
 -14 -14 1
 -13 -14 1
 12 -14 1
 -14 -13 1
 -13 -13 1
 12 -13 1
 13 -13 1
 -14 -12 1
 -13 -12 1
 12 -12 1
 13 -12 1
 -14 -11 1
 -13 -11 1
 12 -11 1
 13 -11 1
 -14 -10 1
 -13 -10 1
 12 -10 1
 13 -10 1
 -14 -9 1
 -13 -9 1
 12 -9 1
 13 -9 1
 -14 -8 1
 -13 -8 1
 12 -8 1
 13 -8 1
 -14 -7 1
 -13 -7 1
 12 -7 1
 13 -7 1
 -14 -6 1
 -13 -6 1
 12 -6 1
 13 -6 1
 -14 -5 1
 -13 -5 1
 12 -5 1
 13 -5 1
 -14 -4 1
 -13 -4 1
 12 -4 1
 13 -4 1
 -14 -3 1
 -13 -3 1
 12 -3 1
 13 -3 1
 -14 -2 1
 -13 -2 1
 12 -2 1
 13 -2 1
 -14 -1 1
 -13 -1 1
 12 -1 1
 13 -1 1
 -14 0 1
 -13 0 1
 12 0 1
 13 0 1
 -14 1 1
 -13 1 1
 12 1 1
 13 1 1
 -14 2 1
 -13 2 1
 12 2 1
 13 2 1
 -14 3 1
 -13 3 1
 12 3 1
 13 3 1
 -14 4 1
 -13 4 1
 12 4 1
 13 4 1
 -14 5 1
 -13 5 1
 12 5 1
 13 5 1
 -14 6 1
 -13 6 1
 12 6 1
 13 6 1
 -14 7 1
 -13 7 1
 12 7 1
 13 7 1
 -14 8 1
 -13 8 1
 12 8 1
 13 8 1
 -13 9 1
 12 9 1
 -13 10 1
 -12 10 1
 11 10 1
 12 10 1
 -13 11 1
 -12 11 1
 11 11 1
 12 11 1
 -12 12 1
 -11 12 1
 10 12 1
 11 12 1
 -11 13 1
 10 13 1
 -11 14 1
 -10 14 1
 9 14 1
 10 14 1
 -10 15 1
 -9 15 1
 8 15 1
 9 15 1
 -9 16 1
 8 16 1
 -9 17 1
 -8 17 1
 7 17 1
 8 17 1
 -8 18 1
 7 18 1
 -8 19 1
 7 19 1
 -8 20 1
 7 20 1
 -8 21 1
 -7 21 1
 6 21 1
 7 21 1
 -8 22 1
 -7 22 1
 6 22 1
 7 22 1
 -7 23 1
 6 23 1
 7 23 1
 -7 24 1
 6 24 1
 -7 25 1
 6 25 1
 -7 26 1
 6 26 1
 -7 27 1
 6 27 1
 -7 28 1
 -6 28 1
 5 28 1
 6 28 1
 -7 29 1
 -6 29 1
 5 29 1
 6 29 1
 -7 30 1
 -6 30 1
 5 30 1
 6 30 1
 -6 31 1
 5 31 1
 -6 32 1
 5 32 1
 -6 33 1
 5 33 1
 -6 34 1
 5 34 1
 -6 35 1
 -5 35 1
 4 35 1
 5 35 1
 -6 36 1
 -5 36 1
 4 36 1
 5 36 1
 -6 37 1
 -5 37 1
 4 37 1
 5 37 1
 -5 38 1
 4 38 1
 -5 39 1
 4 39 1
 -5 40 1
 4 40 1
 -6 41 1
 -5 41 1
 4 41 1
 5 41 1
 -5 42 1
 4 42 1
 -5 43 1
 4 43 1
 5 43 1
 -6 44 1
 4 44 1
 5 44 1
 -6 45 1
 4 45 1
 5 45 1
 -6 46 1
 -5 46 1
 -4 46 1
 -3 46 1
 -2 46 1
 -1 46 1
 0 46 1
 1 46 1
 2 46 1
 3 46 1
 4 46 1
 5 46 1
 -12 -47 2
 -11 -47 2
 -10 -47 2
 -9 -47 2
 -8 -47 2
 -7 -47 2
 -6 -47 2
 -5 -47 2
 -4 -47 2
 -3 -47 2
 -2 -47 2
 -1 -47 2
 0 -47 2
 1 -47 2
 2 -47 2
 3 -47 2
 4 -47 2
 5 -47 2
 6 -47 2
 7 -47 2
 8 -47 2
 9 -47 2
 10 -47 2
 11 -47 2
 -12 -46 2
 11 -46 2
 -13 -45 2
 11 -45 2
 12 -45 2
 -13 -44 2
 12 -44 2
 -13 -43 2
 12 -43 2
 -13 -42 2
 12 -42 2
 -13 -41 2
 12 -41 2
 -13 -40 2
 12 -40 2
 -13 -39 2
 12 -39 2
 -13 -38 2
 12 -38 2
 -13 -37 2
 12 -37 2
 -13 -36 2
 12 -36 2
 -13 -35 2
 12 -35 2
 -13 -34 2
 12 -34 2
 -13 -33 2
 12 -33 2
 -13 -32 2
 12 -32 2
 -13 -31 2
 12 -31 2
 -13 -30 2
 12 -30 2
 -13 -29 2
 12 -29 2
 -13 -28 2
 12 -28 2
 -13 -27 2
 12 -27 2
 -13 -26 2
 12 -26 2
 -13 -25 2
 12 -25 2
 -13 -24 2
 12 -24 2
 -13 -23 2
 12 -23 2
 -13 -22 2
 12 -22 2
 -13 -21 2
 12 -21 2
 -13 -20 2
 12 -20 2
 -13 -19 2
 12 -19 2
 -13 -18 2
 12 -18 2
 -13 -17 2
 12 -17 2
 -13 -16 2
 12 -16 2
 -13 -15 2
 12 -15 2
 -13 -14 2
 12 -14 2
 -13 -13 2
 12 -13 2
 -13 -12 2
 12 -12 2
 -13 -11 2
 12 -11 2
 -13 -10 2
 12 -10 2
 -13 -9 2
 12 -9 2
 -13 -8 2
 12 -8 2
 -13 -7 2
 12 -7 2
 -13 -6 2
 12 -6 2
 -13 -5 2
 12 -5 2
 -13 -4 2
 12 -4 2
 -13 -3 2
 12 -3 2
 -13 -2 2
 12 -2 2
 -13 -1 2
 12 -1 2
 -13 0 2
 12 0 2
 -13 1 2
 12 1 2
 -13 2 2
 12 2 2
 -13 3 2
 12 3 2
 -13 4 2
 12 4 2
 -13 5 2
 12 5 2
 -13 6 2
 12 6 2
 -13 7 2
 12 7 2
 -13 8 2
 12 8 2
 -13 9 2
 -12 9 2
 11 9 2
 12 9 2
 -13 10 2
 -12 10 2
 11 10 2
 12 10 2
 -12 11 2
 10 11 2
 11 11 2
 -12 12 2
 -11 12 2
 10 12 2
 11 12 2
 -11 13 2
 -10 13 2
 9 13 2
 10 13 2
 -10 14 2
 -9 14 2
 8 14 2
 9 14 2
 -9 15 2
 8 15 2
 -9 16 2
 -8 16 2
 7 16 2
 8 16 2
 -8 17 2
 7 17 2
 -8 18 2
 -7 18 2
 6 18 2
 7 18 2
 -8 19 2
 -7 19 2
 6 19 2
 7 19 2
 -8 20 2
 -7 20 2
 6 20 2
 7 20 2
 -7 21 2
 6 21 2
 -7 22 2
 6 22 2
 -7 23 2
 6 23 2
 -7 24 2
 6 24 2
 -7 25 2
 -6 25 2
 5 25 2
 6 25 2
 -7 26 2
 -6 26 2
 5 26 2
 6 26 2
 -7 27 2
 -6 27 2
 5 27 2
 6 27 2
 -6 28 2
 5 28 2
 -6 29 2
 5 29 2
 -6 30 2
 5 30 2
 -6 31 2
 5 31 2
 -6 32 2
 -5 32 2
 5 32 2
 -6 33 2
 -5 33 2
 4 33 2
 5 33 2
 -6 34 2
 -5 34 2
 4 34 2
 5 34 2
 -5 35 2
 4 35 2
 -5 36 2
 4 36 2
 -5 37 2
 4 37 2
 -5 38 2
 4 38 2
 -5 39 2
 -4 39 2
 4 39 2
 -5 40 2
 -4 40 2
 3 40 2
 4 40 2
 -5 41 2
 4 41 2
 -5 42 2
 -4 42 2
 3 42 2
 4 42 2
 -5 43 2
 -4 43 2
 3 43 2
 4 43 2
 -6 44 2
 -5 44 2
 4 44 2
 5 44 2
 -5 45 2
 4 45 2
 -5 46 2
 -4 46 2
 -3 46 2
 -2 46 2
 -1 46 2
 0 46 2
 1 46 2
 2 46 2
 3 46 2
 4 46 2
 -12 -47 3
 -11 -47 3
 -10 -47 3
 -9 -47 3
 -8 -47 3
 -7 -47 3
 -6 -47 3
 -5 -47 3
 -4 -47 3
 -3 -47 3
 -2 -47 3
 -1 -47 3
 0 -47 3
 1 -47 3
 2 -47 3
 3 -47 3
 4 -47 3
 5 -47 3
 6 -47 3
 7 -47 3
 8 -47 3
 9 -47 3
 10 -47 3
 11 -47 3
 -12 -46 3
 11 -46 3
 -13 -45 3
 -12 -45 3
 11 -45 3
 12 -45 3
 -13 -44 3
 12 -44 3
 -13 -43 3
 12 -43 3
 -13 -42 3
 -12 -42 3
 11 -42 3
 12 -42 3
 -13 -41 3
 -12 -41 3
 11 -41 3
 12 -41 3
 -13 -40 3
 -12 -40 3
 11 -40 3
 12 -40 3
 -13 -39 3
 -12 -39 3
 11 -39 3
 12 -39 3
 -13 -38 3
 -12 -38 3
 11 -38 3
 12 -38 3
 -13 -37 3
 -12 -37 3
 11 -37 3
 12 -37 3
 -13 -36 3
 -12 -36 3
 11 -36 3
 12 -36 3
 -13 -35 3
 -12 -35 3
 11 -35 3
 12 -35 3
 -13 -34 3
 -12 -34 3
 11 -34 3
 12 -34 3
 -13 -33 3
 -12 -33 3
 11 -33 3
 12 -33 3
 -13 -32 3
 -12 -32 3
 11 -32 3
 12 -32 3
 -13 -31 3
 -12 -31 3
 11 -31 3
 12 -31 3
 -13 -30 3
 -12 -30 3
 11 -30 3
 12 -30 3
 -13 -29 3
 -12 -29 3
 11 -29 3
 12 -29 3
 -13 -28 3
 -12 -28 3
 11 -28 3
 12 -28 3
 -13 -27 3
 -12 -27 3
 11 -27 3
 12 -27 3
 -13 -26 3
 -12 -26 3
 11 -26 3
 12 -26 3
 -13 -25 3
 -12 -25 3
 11 -25 3
 12 -25 3
 -13 -24 3
 -12 -24 3
 11 -24 3
 12 -24 3
 -13 -23 3
 -12 -23 3
 11 -23 3
 12 -23 3
 -13 -22 3
 -12 -22 3
 11 -22 3
 12 -22 3
 -13 -21 3
 -12 -21 3
 11 -21 3
 12 -21 3
 -13 -20 3
 -12 -20 3
 11 -20 3
 12 -20 3
 -13 -19 3
 -12 -19 3
 11 -19 3
 12 -19 3
 -13 -18 3
 -12 -18 3
 11 -18 3
 12 -18 3
 -13 -17 3
 -12 -17 3
 11 -17 3
 12 -17 3
 -13 -16 3
 -12 -16 3
 11 -16 3
 12 -16 3
 -13 -15 3
 -12 -15 3
 11 -15 3
 12 -15 3
 -13 -14 3
 -12 -14 3
 11 -14 3
 12 -14 3
 -13 -13 3
 -12 -13 3
 11 -13 3
 12 -13 3
 -13 -12 3
 -12 -12 3
 11 -12 3
 12 -12 3
 -13 -11 3
 -12 -11 3
 11 -11 3
 12 -11 3
 -13 -10 3
 -12 -10 3
 11 -10 3
 12 -10 3
 -13 -9 3
 -12 -9 3
 11 -9 3
 12 -9 3
 -13 -8 3
 -12 -8 3
 11 -8 3
 12 -8 3
 -13 -7 3
 -12 -7 3
 11 -7 3
 12 -7 3
 -13 -6 3
 -12 -6 3
 11 -6 3
 12 -6 3
 -13 -5 3
 -12 -5 3
 11 -5 3
 12 -5 3
 -13 -4 3
 -12 -4 3
 11 -4 3
 12 -4 3
 -13 -3 3
 -12 -3 3
 11 -3 3
 12 -3 3
 -13 -2 3
 -12 -2 3
 11 -2 3
 12 -2 3
 -13 -1 3
 -12 -1 3
 11 -1 3
 12 -1 3
 -13 0 3
 -12 0 3
 11 0 3
 12 0 3
 -13 1 3
 -12 1 3
 11 1 3
 12 1 3
 -13 2 3
 -12 2 3
 11 2 3
 12 2 3
 -13 3 3
 -12 3 3
 11 3 3
 12 3 3
 -13 4 3
 -12 4 3
 11 4 3
 12 4 3
 -13 5 3
 -12 5 3
 11 5 3
 12 5 3
 -13 6 3
 -12 6 3
 11 6 3
 12 6 3
 -13 7 3
 -12 7 3
 11 7 3
 12 7 3
 -13 8 3
 -12 8 3
 11 8 3
 12 8 3
 -12 9 3
 11 9 3
 -12 10 3
 11 10 3
 -12 11 3
 -11 11 3
 10 11 3
 11 11 3
 -11 12 3
 9 12 3
 10 12 3
 -11 13 3
 -10 13 3
 9 13 3
 -10 14 3
 -9 14 3
 8 14 3
 9 14 3
 -9 15 3
 -8 15 3
 7 15 3
 8 15 3
 -8 16 3
 7 16 3
 -8 17 3
 6 17 3
 7 17 3
 -8 18 3
 -7 18 3
 6 18 3
 -7 19 3
 6 19 3
 -7 20 3
 6 20 3
 -7 21 3
 6 21 3
 -7 22 3
 -6 22 3
 5 22 3
 6 22 3
 -7 23 3
 -6 23 3
 5 23 3
 6 23 3
 -7 24 3
 -6 24 3
 5 24 3
 6 24 3
 -6 25 3
 5 25 3
 6 25 3
 -6 26 3
 5 26 3
 -6 27 3
 5 27 3
 -6 28 3
 5 28 3
 -6 29 3
 4 29 3
 5 29 3
 -6 30 3
 -5 30 3
 4 30 3
 5 30 3
 -6 31 3
 -5 31 3
 4 31 3
 5 31 3
 -6 32 3
 -5 32 3
 4 32 3
 -5 33 3
 4 33 3
 -5 34 3
 4 34 3
 -5 35 3
 4 35 3
 -5 36 3
 -4 36 3
 3 36 3
 4 36 3
 -5 37 3
 -4 37 3
 3 37 3
 4 37 3
 -5 38 3
 -4 38 3
 3 38 3
 4 38 3
 -5 39 3
 -4 39 3
 2 39 3
 3 39 3
 4 39 3
 -4 40 3
 -3 40 3
 2 40 3
 3 40 3
 -5 41 3
 -4 41 3
 3 41 3
 4 41 3
 -4 42 3
 -3 42 3
 2 42 3
 3 42 3
 4 42 3
 -5 43 3
 -4 43 3
 -3 43 3
 2 43 3
 3 43 3
 4 43 3
 -5 44 3
 -4 44 3
 4 44 3
 -5 45 3
 -4 45 3
 3 45 3
 4 45 3
 -5 46 3
 -4 46 3
 -3 46 3
 -2 46 3
 -1 46 3
 0 46 3
 1 46 3
 2 46 3
 3 46 3
 4 46 3
 -11 -47 4
 -10 -47 4
 -9 -47 4
 -8 -47 4
 -7 -47 4
 -6 -47 4
 -5 -47 4
 -4 -47 4
 -3 -47 4
 -2 -47 4
 -1 -47 4
 0 -47 4
 1 -47 4
 2 -47 4
 3 -47 4
 4 -47 4
 5 -47 4
 6 -47 4
 7 -47 4
 8 -47 4
 9 -47 4
 10 -47 4
 -12 -46 4
 -11 -46 4
 10 -46 4
 11 -46 4
 -12 -45 4
 11 -45 4
 12 -45 4
 -12 -44 4
 11 -44 4
 12 -44 4
 -12 -43 4
 11 -43 4
 -12 -42 4
 11 -42 4
 -12 -41 4
 11 -41 4
 -12 -40 4
 11 -40 4
 -12 -39 4
 11 -39 4
 -12 -38 4
 11 -38 4
 -12 -37 4
 11 -37 4
 -12 -36 4
 11 -36 4
 -12 -35 4
 11 -35 4
 -12 -34 4
 11 -34 4
 -12 -33 4
 11 -33 4
 -12 -32 4
 11 -32 4
 -12 -31 4
 11 -31 4
 -12 -30 4
 11 -30 4
 -12 -29 4
 11 -29 4
 -12 -28 4
 11 -28 4
 -12 -27 4
 11 -27 4
 -12 -26 4
 11 -26 4
 -12 -25 4
 11 -25 4
 -12 -24 4
 11 -24 4
 -12 -23 4
 11 -23 4
 -12 -22 4
 11 -22 4
 -12 -21 4
 11 -21 4
 -12 -20 4
 11 -20 4
 -12 -19 4
 11 -19 4
 -12 -18 4
 11 -18 4
 -12 -17 4
 11 -17 4
 -12 -16 4
 11 -16 4
 -12 -15 4
 11 -15 4
 -12 -14 4
 11 -14 4
 -12 -13 4
 11 -13 4
 -12 -12 4
 11 -12 4
 -12 -11 4
 11 -11 4
 -12 -10 4
 11 -10 4
 -12 -9 4
 11 -9 4
 -12 -8 4
 11 -8 4
 -12 -7 4
 11 -7 4
 -12 -6 4
 11 -6 4
 -12 -5 4
 11 -5 4
 -12 -4 4
 11 -4 4
 -12 -3 4
 11 -3 4
 -12 -2 4
 11 -2 4
 -12 -1 4
 11 -1 4
 -12 0 4
 11 0 4
 -12 1 4
 11 1 4
 -12 2 4
 11 2 4
 -12 3 4
 11 3 4
 -12 4 4
 11 4 4
 -12 5 4
 11 5 4
 -12 6 4
 11 6 4
 -12 7 4
 11 7 4
 -12 8 4
 11 8 4
 -12 9 4
 -11 9 4
 11 9 4
 -12 10 4
 -11 10 4
 10 10 4
 11 10 4
 -11 11 4
 10 11 4
 -11 12 4
 -10 12 4
 9 12 4
 10 12 4
 -10 13 4
 -9 13 4
 8 13 4
 9 13 4
 -9 14 4
 -8 14 4
 8 14 4
 -9 15 4
 -8 15 4
 7 15 4
 8 15 4
 -8 16 4
 -7 16 4
 6 16 4
 7 16 4
 -8 17 4
 -7 17 4
 6 17 4
 7 17 4
 -7 18 4
 6 18 4
 -7 19 4
 -6 19 4
 5 19 4
 6 19 4
 -7 20 4
 -6 20 4
 5 20 4
 6 20 4
 -7 21 4
 -6 21 4
 5 21 4
 6 21 4
 -6 22 4
 5 22 4
 -6 23 4
 5 23 4
 -6 24 4
 5 24 4
 -6 25 4
 5 25 4
 -6 26 4
 -5 26 4
 4 26 4
 5 26 4
 -6 27 4
 -5 27 4
 4 27 4
 5 27 4
 -6 28 4
 -5 28 4
 4 28 4
 5 28 4
 -5 29 4
 -4 29 4
 3 29 4
 4 29 4
 -5 30 4
 -4 30 4
 3 30 4
 4 30 4
 -5 31 4
 -4 31 4
 3 31 4
 4 31 4
 -5 32 4
 -4 32 4
 -3 32 4
 2 32 4
 3 32 4
 4 32 4
 -5 33 4
 -4 33 4
 -3 33 4
 2 33 4
 3 33 4
 4 33 4
 -5 34 4
 -4 34 4
 -3 34 4
 2 34 4
 3 34 4
 4 34 4
 -5 35 4
 -4 35 4
 -3 35 4
 -2 35 4
 1 35 4
 2 35 4
 3 35 4
 4 35 4
 -4 36 4
 -3 36 4
 -2 36 4
 1 36 4
 2 36 4
 3 36 4
 -4 37 4
 -3 37 4
 -2 37 4
 1 37 4
 2 37 4
 3 37 4
 -4 38 4
 -3 38 4
 -2 38 4
 0 38 4
 1 38 4
 2 38 4
 3 38 4
 -4 39 4
 -3 39 4
 -2 39 4
 -1 39 4
 0 39 4
 1 39 4
 2 39 4
 3 39 4
 -3 40 4
 -2 40 4
 -1 40 4
 0 40 4
 1 40 4
 2 40 4
 -4 41 4
 -3 41 4
 -2 41 4
 1 41 4
 2 41 4
 3 41 4
 -3 42 4
 -2 42 4
 -1 42 4
 0 42 4
 1 42 4
 2 42 4
 3 42 4
 -4 43 4
 -3 43 4
 -2 43 4
 -1 43 4
 0 43 4
 1 43 4
 2 43 4
 3 43 4
 -5 44 4
 -4 44 4
 -3 44 4
 2 44 4
 3 44 4
 4 44 4
 -4 45 4
 -3 45 4
 -2 45 4
 1 45 4
 2 45 4
 3 45 4
 -4 46 4
 -3 46 4
 -2 46 4
 -1 46 4
 0 46 4
 1 46 4
 2 46 4
 3 46 4
 -11 -47 5
 -10 -47 5
 -9 -47 5
 -8 -47 5
 -7 -47 5
 -6 -47 5
 -5 -47 5
 -4 -47 5
 -3 -47 5
 -2 -47 5
 -1 -47 5
 0 -47 5
 1 -47 5
 2 -47 5
 3 -47 5
 4 -47 5
 5 -47 5
 6 -47 5
 7 -47 5
 8 -47 5
 9 -47 5
 10 -47 5
 -12 -46 5
 -11 -46 5
 -10 -46 5
 9 -46 5
 10 -46 5
 -12 -45 5
 -11 -45 5
 10 -45 5
 11 -45 5
 -12 -44 5
 11 -44 5
 -12 -43 5
 11 -43 5
 -12 -42 5
 11 -42 5
 -12 -41 5
 11 -41 5
 -12 -40 5
 11 -40 5
 -12 -39 5
 11 -39 5
 -12 -38 5
 11 -38 5
 -12 -37 5
 11 -37 5
 -12 -36 5
 11 -36 5
 -12 -35 5
 11 -35 5
 -12 -34 5
 11 -34 5
 -12 -33 5
 11 -33 5
 -12 -32 5
 11 -32 5
 -12 -31 5
 11 -31 5
 -12 -30 5
 11 -30 5
 -12 -29 5
 11 -29 5
 -12 -28 5
 11 -28 5
 -12 -27 5
 11 -27 5
 -12 -26 5
 11 -26 5
 -12 -25 5
 11 -25 5
 -12 -24 5
 11 -24 5
 -12 -23 5
 11 -23 5
 -12 -22 5
 11 -22 5
 -12 -21 5
 11 -21 5
 -12 -20 5
 11 -20 5
 -12 -19 5
 11 -19 5
 -12 -18 5
 11 -18 5
 -12 -17 5
 11 -17 5
 -12 -16 5
 11 -16 5
 -12 -15 5
 11 -15 5
 -12 -14 5
 11 -14 5
 -12 -13 5
 11 -13 5
 -12 -12 5
 11 -12 5
 -12 -11 5
 11 -11 5
 -12 -10 5
 11 -10 5
 -12 -9 5
 11 -9 5
 -12 -8 5
 11 -8 5
 -12 -7 5
 11 -7 5
 -12 -6 5
 11 -6 5
 -12 -5 5
 11 -5 5
 -12 -4 5
 11 -4 5
 -12 -3 5
 11 -3 5
 -12 -2 5
 11 -2 5
 -12 -1 5
 11 -1 5
 -12 0 5
 11 0 5
 -12 1 5
 11 1 5
 -12 2 5
 11 2 5
 -12 3 5
 11 3 5
 -12 4 5
 11 4 5
 -12 5 5
 11 5 5
 -12 6 5
 11 6 5
 -12 7 5
 11 7 5
 -12 8 5
 -11 8 5
 11 8 5
 -12 9 5
 -11 9 5
 10 9 5
 11 9 5
 -11 10 5
 10 10 5
 -11 11 5
 -10 11 5
 9 11 5
 10 11 5
 -10 12 5
 9 12 5
 -10 13 5
 -9 13 5
 8 13 5
 9 13 5
 -9 14 5
 -8 14 5
 7 14 5
 8 14 5
 -8 15 5
 -7 15 5
 7 15 5
 -8 16 5
 -7 16 5
 6 16 5
 7 16 5
 -7 17 5
 -6 17 5
 6 17 5
 -7 18 5
 -6 18 5
 5 18 5
 6 18 5
 -6 19 5
 -5 19 5
 4 19 5
 5 19 5
 -6 20 5
 -5 20 5
 4 20 5
 5 20 5
 -6 21 5
 -5 21 5
 4 21 5
 5 21 5
 -6 22 5
 -5 22 5
 -4 22 5
 3 22 5
 4 22 5
 5 22 5
 -6 23 5
 -5 23 5
 -4 23 5
 3 23 5
 4 23 5
 5 23 5
 -6 24 5
 -5 24 5
 -4 24 5
 3 24 5
 4 24 5
 5 24 5
 -6 25 5
 -5 25 5
 -4 25 5
 -3 25 5
 2 25 5
 3 25 5
 4 25 5
 5 25 5
 -5 26 5
 -4 26 5
 -3 26 5
 2 26 5
 3 26 5
 4 26 5
 -5 27 5
 -4 27 5
 -3 27 5
 2 27 5
 3 27 5
 4 27 5
 -5 28 5
 -4 28 5
 -3 28 5
 -2 28 5
 1 28 5
 2 28 5
 3 28 5
 4 28 5
 -5 29 5
 -4 29 5
 -3 29 5
 -2 29 5
 1 29 5
 2 29 5
 3 29 5
 -4 30 5
 -3 30 5
 -2 30 5
 1 30 5
 2 30 5
 3 30 5
 -4 31 5
 -3 31 5
 -2 31 5
 -1 31 5
 0 31 5
 1 31 5
 2 31 5
 3 31 5
 -3 32 5
 -2 32 5
 -1 32 5
 0 32 5
 1 32 5
 2 32 5
 -3 33 5
 -2 33 5
 -1 33 5
 0 33 5
 1 33 5
 2 33 5
 -3 34 5
 -2 34 5
 -1 34 5
 0 34 5
 1 34 5
 2 34 5
 -3 35 5
 -2 35 5
 -1 35 5
 0 35 5
 1 35 5
 -2 36 5
 -1 36 5
 0 36 5
 1 36 5
 -2 37 5
 -1 37 5
 0 37 5
 1 37 5
 -1 38 5
 0 38 5
 -1 39 5
 0 39 5
 -1 40 5
 0 40 5
 -2 41 5
 -1 41 5
 0 41 5
 1 41 5
 -1 42 5
 0 42 5
 -2 43 5
 -1 43 5
 0 43 5
 1 43 5
 -2 44 5
 -1 44 5
 0 44 5
 1 44 5
 2 44 5
 -2 45 5
 -1 45 5
 0 45 5
 1 45 5
 -2 46 5
 -1 46 5
 0 46 5
 1 46 5
 -10 -47 6
 -9 -47 6
 -8 -47 6
 -7 -47 6
 -6 -47 6
 -5 -47 6
 -4 -47 6
 -3 -47 6
 -2 -47 6
 -1 -47 6
 0 -47 6
 1 -47 6
 2 -47 6
 3 -47 6
 4 -47 6
 5 -47 6
 6 -47 6
 7 -47 6
 8 -47 6
 9 -47 6
 -11 -46 6
 -10 -46 6
 9 -46 6
 10 -46 6
 -12 -45 6
 -11 -45 6
 10 -45 6
 11 -45 6
 -12 -44 6
 -11 -44 6
 10 -44 6
 11 -44 6
 -12 -43 6
 -11 -43 6
 10 -43 6
 11 -43 6
 -12 -42 6
 -11 -42 6
 10 -42 6
 11 -42 6
 -12 -41 6
 -11 -41 6
 10 -41 6
 11 -41 6
 -12 -40 6
 -11 -40 6
 10 -40 6
 11 -40 6
 -11 -39 6
 10 -39 6
 11 -39 6
 -12 -38 6
 -11 -38 6
 10 -38 6
 11 -38 6
 -12 -37 6
 -11 -37 6
 10 -37 6
 11 -37 6
 -12 -36 6
 -11 -36 6
 10 -36 6
 11 -36 6
 -12 -35 6
 -11 -35 6
 10 -35 6
 11 -35 6
 -12 -34 6
 -11 -34 6
 10 -34 6
 11 -34 6
 -12 -33 6
 -11 -33 6
 10 -33 6
 11 -33 6
 -12 -32 6
 -11 -32 6
 10 -32 6
 11 -32 6
 -12 -31 6
 -11 -31 6
 10 -31 6
 11 -31 6
 -12 -30 6
 -11 -30 6
 10 -30 6
 11 -30 6
 -12 -29 6
 -11 -29 6
 10 -29 6
 11 -29 6
 -12 -28 6
 -11 -28 6
 10 -28 6
 11 -28 6
 -12 -27 6
 -11 -27 6
 10 -27 6
 11 -27 6
 -12 -26 6
 -11 -26 6
 10 -26 6
 11 -26 6
 -12 -25 6
 -11 -25 6
 10 -25 6
 11 -25 6
 -12 -24 6
 -11 -24 6
 10 -24 6
 11 -24 6
 -12 -23 6
 -11 -23 6
 10 -23 6
 11 -23 6
 -12 -22 6
 -11 -22 6
 10 -22 6
 11 -22 6
 -12 -21 6
 -11 -21 6
 10 -21 6
 11 -21 6
 -12 -20 6
 -11 -20 6
 10 -20 6
 11 -20 6
 -12 -19 6
 -11 -19 6
 10 -19 6
 11 -19 6
 -11 -18 6
 10 -18 6
 11 -18 6
 -12 -17 6
 -11 -17 6
 10 -17 6
 11 -17 6
 -11 -16 6
 10 -16 6
 11 -16 6
 -11 -15 6
 10 -15 6
 -12 -14 6
 -11 -14 6
 10 -14 6
 -12 -13 6
 -11 -13 6
 10 -13 6
 11 -13 6
 -12 -12 6
 -11 -12 6
 10 -12 6
 11 -12 6
 -12 -11 6
 -11 -11 6
 10 -11 6
 11 -11 6
 -12 -10 6
 -11 -10 6
 10 -10 6
 11 -10 6
 -11 -9 6
 10 -9 6
 11 -9 6
 -12 -8 6
 -11 -8 6
 10 -8 6
 11 -8 6
 -11 -7 6
 10 -7 6
 11 -7 6
 -11 -6 6
 10 -6 6
 11 -6 6
 -12 -5 6
 -11 -5 6
 10 -5 6
 11 -5 6
 -12 -4 6
 -11 -4 6
 10 -4 6
 11 -4 6
 -12 -3 6
 -11 -3 6
 10 -3 6
 11 -3 6
 -12 -2 6
 -11 -2 6
 10 -2 6
 11 -2 6
 -12 -1 6
 -11 -1 6
 10 -1 6
 -12 0 6
 -11 0 6
 10 0 6
 11 0 6
 -12 1 6
 -11 1 6
 10 1 6
 11 1 6
 -12 2 6
 -11 2 6
 10 2 6
 11 2 6
 -12 3 6
 -11 3 6
 10 3 6
 11 3 6
 -12 4 6
 -11 4 6
 10 4 6
 11 4 6
 -12 5 6
 -11 5 6
 10 5 6
 11 5 6
 -12 6 6
 -11 6 6
 10 6 6
 11 6 6
 -12 7 6
 -11 7 6
 10 7 6
 11 7 6
 -11 8 6
 10 8 6
 11 8 6
 -11 9 6
 10 9 6
 -11 10 6
 -10 10 6
 9 10 6
 10 10 6
 -10 11 6
 9 11 6
 10 11 6
 -10 12 6
 -9 12 6
 8 12 6
 9 12 6
 -9 13 6
 -8 13 6
 7 13 6
 8 13 6
 -8 14 6
 7 14 6
 8 14 6
 -8 15 6
 -7 15 6
 -6 15 6
 5 15 6
 6 15 6
 7 15 6
 -7 16 6
 -6 16 6
 -5 16 6
 4 16 6
 5 16 6
 6 16 6
 -6 17 6
 -5 17 6
 -4 17 6
 3 17 6
 4 17 6
 5 17 6
 6 17 6
 -6 18 6
 -5 18 6
 -4 18 6
 -3 18 6
 2 18 6
 3 18 6
 4 18 6
 5 18 6
 -5 19 6
 -4 19 6
 -3 19 6
 2 19 6
 3 19 6
 4 19 6
 -5 20 6
 -4 20 6
 -3 20 6
 2 20 6
 3 20 6
 4 20 6
 -5 21 6
 -4 21 6
 -3 21 6
 -2 21 6
 1 21 6
 2 21 6
 3 21 6
 4 21 6
 -4 22 6
 -3 22 6
 -2 22 6
 1 22 6
 2 22 6
 3 22 6
 -4 23 6
 -3 23 6
 -2 23 6
 1 23 6
 2 23 6
 3 23 6
 -4 24 6
 -3 24 6
 -2 24 6
 -1 24 6
 0 24 6
 1 24 6
 2 24 6
 3 24 6
 -3 25 6
 -2 25 6
 -1 25 6
 0 25 6
 1 25 6
 2 25 6
 -3 26 6
 -2 26 6
 -1 26 6
 0 26 6
 1 26 6
 2 26 6
 -3 27 6
 -2 27 6
 -1 27 6
 0 27 6
 1 27 6
 2 27 6
 -2 28 6
 -1 28 6
 0 28 6
 1 28 6
 -2 29 6
 -1 29 6
 0 29 6
 1 29 6
 -2 30 6
 -1 30 6
 0 30 6
 1 30 6
 -1 31 6
 0 31 6
 -1 32 6
 0 32 6
 0 33 6
 -9 -47 7
 -8 -47 7
 -7 -47 7
 -6 -47 7
 -5 -47 7
 -4 -47 7
 -3 -47 7
 -2 -47 7
 -1 -47 7
 0 -47 7
 1 -47 7
 2 -47 7
 3 -47 7
 4 -47 7
 5 -47 7
 6 -47 7
 7 -47 7
 8 -47 7
 9 -47 7
 -10 -46 7
 -9 -46 7
 8 -46 7
 9 -46 7
 -11 -45 7
 -10 -45 7
 9 -45 7
 10 -45 7
 -11 -44 7
 -10 -44 7
 9 -44 7
 10 -44 7
 -11 -43 7
 10 -43 7
 -11 -42 7
 10 -42 7
 -11 -41 7
 10 -41 7
 -11 -40 7
 10 -40 7
 -11 -39 7
 10 -39 7
 -11 -38 7
 10 -38 7
 -11 -37 7
 10 -37 7
 -11 -36 7
 10 -36 7
 -11 -35 7
 10 -35 7
 -11 -34 7
 10 -34 7
 -11 -33 7
 10 -33 7
 -11 -32 7
 10 -32 7
 -11 -31 7
 10 -31 7
 -11 -30 7
 10 -30 7
 -11 -29 7
 10 -29 7
 -11 -28 7
 10 -28 7
 -11 -27 7
 10 -27 7
 -11 -26 7
 10 -26 7
 -11 -25 7
 10 -25 7
 -11 -24 7
 10 -24 7
 -11 -23 7
 10 -23 7
 -11 -22 7
 10 -22 7
 -11 -21 7
 10 -21 7
 -11 -20 7
 10 -20 7
 -11 -19 7
 10 -19 7
 -11 -18 7
 10 -18 7
 -11 -17 7
 10 -17 7
 -11 -16 7
 10 -16 7
 -11 -15 7
 10 -15 7
 -11 -14 7
 10 -14 7
 -11 -13 7
 10 -13 7
 -11 -12 7
 10 -12 7
 -11 -11 7
 10 -11 7
 -11 -10 7
 10 -10 7
 -11 -9 7
 10 -9 7
 -11 -8 7
 10 -8 7
 -11 -7 7
 10 -7 7
 -11 -6 7
 10 -6 7
 -11 -5 7
 10 -5 7
 -11 -4 7
 10 -4 7
 -11 -3 7
 10 -3 7
 -11 -2 7
 10 -2 7
 -11 -1 7
 10 -1 7
 -11 0 7
 10 0 7
 -11 1 7
 10 1 7
 -11 2 7
 10 2 7
 -11 3 7
 10 3 7
 -11 4 7
 10 4 7
 -11 5 7
 10 5 7
 -11 6 7
 10 6 7
 -11 7 7
 10 7 7
 -11 8 7
 10 8 7
 -11 9 7
 -10 9 7
 9 9 7
 10 9 7
 -10 10 7
 9 10 7
 10 10 7
 -10 11 7
 -9 11 7
 8 11 7
 9 11 7
 -10 12 7
 -9 12 7
 8 12 7
 -9 13 7
 -8 13 7
 7 13 7
 8 13 7
 -8 14 7
 -7 14 7
 -6 14 7
 4 14 7
 5 14 7
 6 14 7
 7 14 7
 -7 15 7
 -6 15 7
 -5 15 7
 -4 15 7
 3 15 7
 4 15 7
 5 15 7
 6 15 7
 -6 16 7
 -5 16 7
 -4 16 7
 -3 16 7
 2 16 7
 3 16 7
 4 16 7
 5 16 7
 -5 17 7
 -4 17 7
 -3 17 7
 -2 17 7
 1 17 7
 2 17 7
 3 17 7
 4 17 7
 -4 18 7
 -3 18 7
 -2 18 7
 -1 18 7
 0 18 7
 1 18 7
 2 18 7
 -3 19 7
 -2 19 7
 -1 19 7
 0 19 7
 1 19 7
 2 19 7
 -3 20 7
 -2 20 7
 -1 20 7
 0 20 7
 1 20 7
 2 20 7
 -2 21 7
 -1 21 7
 0 21 7
 1 21 7
 -2 22 7
 -1 22 7
 0 22 7
 1 22 7
 -2 23 7
 -1 23 7
 0 23 7
 1 23 7
 -1 24 7
 0 24 7
 -1 25 7
 0 25 7
 0 26 7
 -9 -47 8
 -8 -47 8
 -7 -47 8
 -6 -47 8
 -5 -47 8
 -4 -47 8
 -3 -47 8
 -2 -47 8
 -1 -47 8
 0 -47 8
 1 -47 8
 2 -47 8
 3 -47 8
 4 -47 8
 5 -47 8
 6 -47 8
 7 -47 8
 8 -47 8
 -10 -46 8
 -9 -46 8
 -8 -46 8
 7 -46 8
 8 -46 8
 9 -46 8
 -10 -45 8
 -9 -45 8
 8 -45 8
 9 -45 8
 -10 -44 8
 9 -44 8
 -11 -43 8
 -10 -43 8
 9 -43 8
 10 -43 8
 -11 -42 8
 -10 -42 8
 9 -42 8
 10 -42 8
 -11 -41 8
 -10 -41 8
 9 -41 8
 10 -41 8
 -11 -40 8
 -10 -40 8
 9 -40 8
 10 -40 8
 -11 -39 8
 -10 -39 8
 9 -39 8
 10 -39 8
 -11 -38 8
 -10 -38 8
 9 -38 8
 10 -38 8
 -11 -37 8
 -10 -37 8
 9 -37 8
 10 -37 8
 -11 -36 8
 -10 -36 8
 9 -36 8
 10 -36 8
 -11 -35 8
 -10 -35 8
 9 -35 8
 10 -35 8
 -11 -34 8
 -10 -34 8
 9 -34 8
 10 -34 8
 -11 -33 8
 -10 -33 8
 9 -33 8
 10 -33 8
 -11 -32 8
 -10 -32 8
 9 -32 8
 10 -32 8
 -11 -31 8
 -10 -31 8
 9 -31 8
 10 -31 8
 -11 -30 8
 -10 -30 8
 9 -30 8
 10 -30 8
 -11 -29 8
 -10 -29 8
 9 -29 8
 10 -29 8
 -11 -28 8
 -10 -28 8
 9 -28 8
 10 -28 8
 -11 -27 8
 -10 -27 8
 9 -27 8
 10 -27 8
 -11 -26 8
 -10 -26 8
 9 -26 8
 10 -26 8
 -11 -25 8
 -10 -25 8
 9 -25 8
 10 -25 8
 -11 -24 8
 -10 -24 8
 9 -24 8
 10 -24 8
 -11 -23 8
 -10 -23 8
 9 -23 8
 10 -23 8
 -11 -22 8
 -10 -22 8
 9 -22 8
 10 -22 8
 -11 -21 8
 -10 -21 8
 9 -21 8
 10 -21 8
 -11 -20 8
 -10 -20 8
 9 -20 8
 10 -20 8
 -11 -19 8
 -10 -19 8
 9 -19 8
 10 -19 8
 -11 -18 8
 -10 -18 8
 9 -18 8
 10 -18 8
 -11 -17 8
 -10 -17 8
 9 -17 8
 10 -17 8
 -11 -16 8
 -10 -16 8
 9 -16 8
 10 -16 8
 -11 -15 8
 -10 -15 8
 9 -15 8
 10 -15 8
 -11 -14 8
 -10 -14 8
 9 -14 8
 10 -14 8
 -11 -13 8
 -10 -13 8
 9 -13 8
 10 -13 8
 -11 -12 8
 -10 -12 8
 9 -12 8
 10 -12 8
 -11 -11 8
 -10 -11 8
 9 -11 8
 10 -11 8
 -11 -10 8
 -10 -10 8
 9 -10 8
 10 -10 8
 -11 -9 8
 -10 -9 8
 9 -9 8
 10 -9 8
 -11 -8 8
 -10 -8 8
 9 -8 8
 10 -8 8
 -11 -7 8
 -10 -7 8
 9 -7 8
 10 -7 8
 -11 -6 8
 -10 -6 8
 9 -6 8
 10 -6 8
 -11 -5 8
 -10 -5 8
 9 -5 8
 10 -5 8
 -11 -4 8
 -10 -4 8
 9 -4 8
 10 -4 8
 -11 -3 8
 -10 -3 8
 9 -3 8
 10 -3 8
 -11 -2 8
 -10 -2 8
 9 -2 8
 10 -2 8
 -11 -1 8
 -10 -1 8
 9 -1 8
 10 -1 8
 -11 0 8
 -10 0 8
 9 0 8
 10 0 8
 -11 1 8
 -10 1 8
 9 1 8
 10 1 8
 -11 2 8
 -10 2 8
 9 2 8
 10 2 8
 -11 3 8
 -10 3 8
 9 3 8
 10 3 8
 -11 4 8
 -10 4 8
 9 4 8
 10 4 8
 -11 5 8
 -10 5 8
 9 5 8
 10 5 8
 -11 6 8
 -10 6 8
 9 6 8
 10 6 8
 -11 7 8
 -10 7 8
 9 7 8
 10 7 8
 -11 8 8
 -10 8 8
 9 8 8
 10 8 8
 -10 9 8
 9 9 8
 -10 10 8
 -9 10 8
 9 10 8
 -10 11 8
 -9 11 8
 -8 11 8
 7 11 8
 8 11 8
 9 11 8
 -9 12 8
 -8 12 8
 -7 12 8
 6 12 8
 7 12 8
 8 12 8
 -9 13 8
 -8 13 8
 -7 13 8
 -6 13 8
 -5 13 8
 4 13 8
 5 13 8
 6 13 8
 7 13 8
 8 13 8
 -6 14 8
 -5 14 8
 -4 14 8
 -3 14 8
 2 14 8
 3 14 8
 4 14 8
 5 14 8
 6 14 8
 -5 15 8
 -4 15 8
 -3 15 8
 -2 15 8
 -1 15 8
 0 15 8
 1 15 8
 2 15 8
 3 15 8
 -3 16 8
 -2 16 8
 -1 16 8
 0 16 8
 1 16 8
 2 16 8
 -2 17 8
 -1 17 8
 0 17 8
 1 17 8
 -1 18 8
 0 18 8
 0 19 8
 -7 -47 9
 -6 -47 9
 -5 -47 9
 -4 -47 9
 -3 -47 9
 -2 -47 9
 -1 -47 9
 0 -47 9
 1 -47 9
 2 -47 9
 3 -47 9
 4 -47 9
 5 -47 9
 6 -47 9
 -9 -46 9
 -8 -46 9
 -7 -46 9
 -6 -46 9
 5 -46 9
 6 -46 9
 7 -46 9
 8 -46 9
 -10 -45 9
 -9 -45 9
 -8 -45 9
 7 -45 9
 8 -45 9
 -10 -44 9
 -9 -44 9
 -8 -44 9
 7 -44 9
 8 -44 9
 9 -44 9
 -10 -43 9
 -9 -43 9
 8 -43 9
 9 -43 9
 -10 -42 9
 -9 -42 9
 8 -42 9
 9 -42 9
 -10 -41 9
 -9 -41 9
 8 -41 9
 9 -41 9
 -10 -40 9
 -9 -40 9
 8 -40 9
 9 -40 9
 -10 -39 9
 -9 -39 9
 8 -39 9
 9 -39 9
 -10 -38 9
 -9 -38 9
 8 -38 9
 9 -38 9
 -10 -37 9
 -9 -37 9
 8 -37 9
 9 -37 9
 -10 -36 9
 -9 -36 9
 8 -36 9
 9 -36 9
 -10 -35 9
 -9 -35 9
 8 -35 9
 9 -35 9
 -10 -34 9
 -9 -34 9
 8 -34 9
 9 -34 9
 -10 -33 9
 -9 -33 9
 8 -33 9
 9 -33 9
 -10 -32 9
 -9 -32 9
 8 -32 9
 9 -32 9
 -10 -31 9
 -9 -31 9
 8 -31 9
 9 -31 9
 -10 -30 9
 -9 -30 9
 8 -30 9
 9 -30 9
 -10 -29 9
 -9 -29 9
 8 -29 9
 9 -29 9
 -10 -28 9
 -9 -28 9
 8 -28 9
 9 -28 9
 -10 -27 9
 -9 -27 9
 8 -27 9
 9 -27 9
 -10 -26 9
 -9 -26 9
 8 -26 9
 9 -26 9
 -10 -25 9
 -9 -25 9
 8 -25 9
 9 -25 9
 -10 -24 9
 -9 -24 9
 8 -24 9
 9 -24 9
 -10 -23 9
 -9 -23 9
 8 -23 9
 9 -23 9
 -10 -22 9
 -9 -22 9
 8 -22 9
 9 -22 9
 -10 -21 9
 -9 -21 9
 8 -21 9
 9 -21 9
 -10 -20 9
 -9 -20 9
 8 -20 9
 9 -20 9
 -10 -19 9
 -9 -19 9
 8 -19 9
 9 -19 9
 -10 -18 9
 -9 -18 9
 8 -18 9
 9 -18 9
 -10 -17 9
 -9 -17 9
 8 -17 9
 9 -17 9
 -10 -16 9
 -9 -16 9
 8 -16 9
 9 -16 9
 -10 -15 9
 -9 -15 9
 8 -15 9
 9 -15 9
 -10 -14 9
 -9 -14 9
 8 -14 9
 9 -14 9
 -10 -13 9
 -9 -13 9
 8 -13 9
 9 -13 9
 -10 -12 9
 -9 -12 9
 8 -12 9
 9 -12 9
 -10 -11 9
 -9 -11 9
 8 -11 9
 9 -11 9
 -10 -10 9
 -9 -10 9
 8 -10 9
 9 -10 9
 -10 -9 9
 -9 -9 9
 8 -9 9
 9 -9 9
 -10 -8 9
 -9 -8 9
 8 -8 9
 9 -8 9
 -10 -7 9
 -9 -7 9
 8 -7 9
 9 -7 9
 -10 -6 9
 -9 -6 9
 8 -6 9
 9 -6 9
 -10 -5 9
 -9 -5 9
 8 -5 9
 9 -5 9
 -10 -4 9
 -9 -4 9
 8 -4 9
 9 -4 9
 -10 -3 9
 -9 -3 9
 8 -3 9
 9 -3 9
 -10 -2 9
 -9 -2 9
 8 -2 9
 9 -2 9
 -10 -1 9
 -9 -1 9
 8 -1 9
 9 -1 9
 -10 0 9
 -9 0 9
 8 0 9
 9 0 9
 -10 1 9
 -9 1 9
 8 1 9
 9 1 9
 -10 2 9
 -9 2 9
 8 2 9
 9 2 9
 -10 3 9
 -9 3 9
 8 3 9
 9 3 9
 -10 4 9
 -9 4 9
 8 4 9
 9 4 9
 -10 5 9
 -9 5 9
 8 5 9
 9 5 9
 -10 6 9
 -9 6 9
 8 6 9
 9 6 9
 -10 7 9
 -9 7 9
 8 7 9
 9 7 9
 -10 8 9
 -9 8 9
 8 8 9
 9 8 9
 -10 9 9
 -9 9 9
 -8 9 9
 7 9 9
 8 9 9
 9 9 9
 -10 10 9
 -9 10 9
 -8 10 9
 -7 10 9
 7 10 9
 8 10 9
 -9 11 9
 -8 11 9
 -7 11 9
 -6 11 9
 5 11 9
 6 11 9
 7 11 9
 8 11 9
 -8 12 9
 -7 12 9
 -6 12 9
 -5 12 9
 -4 12 9
 3 12 9
 4 12 9
 5 12 9
 6 12 9
 -6 13 9
 -5 13 9
 -4 13 9
 -3 13 9
 -2 13 9
 2 13 9
 3 13 9
 4 13 9
 5 13 9
 -4 14 9
 -3 14 9
 -2 14 9
 -1 14 9
 0 14 9
 1 14 9
 2 14 9
 3 14 9
 -2 15 9
 -1 15 9
 0 15 9
 1 15 9
 -1 16 9
 0 16 9
 -6 -47 10
 -5 -47 10
 -4 -47 10
 -3 -47 10
 -2 -47 10
 -1 -47 10
 0 -47 10
 1 -47 10
 2 -47 10
 3 -47 10
 4 -47 10
 5 -47 10
 -7 -46 10
 -6 -46 10
 -5 -46 10
 4 -46 10
 5 -46 10
 6 -46 10
 -8 -45 10
 -7 -45 10
 -6 -45 10
 5 -45 10
 6 -45 10
 7 -45 10
 -8 -44 10
 -7 -44 10
 6 -44 10
 7 -44 10
 8 -44 10
 -9 -43 10
 -8 -43 10
 -7 -43 10
 6 -43 10
 7 -43 10
 8 -43 10
 -9 -42 10
 -8 -42 10
 -7 -42 10
 6 -42 10
 7 -42 10
 8 -42 10
 -9 -41 10
 -8 -41 10
 -7 -41 10
 6 -41 10
 7 -41 10
 8 -41 10
 -9 -40 10
 -8 -40 10
 -7 -40 10
 6 -40 10
 7 -40 10
 8 -40 10
 -9 -39 10
 -8 -39 10
 -7 -39 10
 6 -39 10
 7 -39 10
 8 -39 10
 -9 -38 10
 -8 -38 10
 -7 -38 10
 6 -38 10
 7 -38 10
 8 -38 10
 -9 -37 10
 -8 -37 10
 -7 -37 10
 6 -37 10
 7 -37 10
 8 -37 10
 -9 -36 10
 -8 -36 10
 -7 -36 10
 6 -36 10
 7 -36 10
 8 -36 10
 -9 -35 10
 -8 -35 10
 -7 -35 10
 6 -35 10
 7 -35 10
 8 -35 10
 -9 -34 10
 -8 -34 10
 -7 -34 10
 6 -34 10
 7 -34 10
 8 -34 10
 -9 -33 10
 -8 -33 10
 -7 -33 10
 6 -33 10
 7 -33 10
 8 -33 10
 -9 -32 10
 -8 -32 10
 -7 -32 10
 6 -32 10
 7 -32 10
 8 -32 10
 -9 -31 10
 -8 -31 10
 -7 -31 10
 6 -31 10
 7 -31 10
 8 -31 10
 -9 -30 10
 -8 -30 10
 -7 -30 10
 6 -30 10
 7 -30 10
 8 -30 10
 -9 -29 10
 -8 -29 10
 -7 -29 10
 6 -29 10
 7 -29 10
 8 -29 10
 -9 -28 10
 -8 -28 10
 -7 -28 10
 6 -28 10
 7 -28 10
 8 -28 10
 -9 -27 10
 -8 -27 10
 -7 -27 10
 6 -27 10
 7 -27 10
 8 -27 10
 -9 -26 10
 -8 -26 10
 -7 -26 10
 6 -26 10
 7 -26 10
 8 -26 10
 -9 -25 10
 -8 -25 10
 -7 -25 10
 6 -25 10
 7 -25 10
 8 -25 10
 -9 -24 10
 -8 -24 10
 -7 -24 10
 6 -24 10
 7 -24 10
 8 -24 10
 -9 -23 10
 -8 -23 10
 -7 -23 10
 6 -23 10
 7 -23 10
 8 -23 10
 -9 -22 10
 -8 -22 10
 -7 -22 10
 6 -22 10
 7 -22 10
 8 -22 10
 -9 -21 10
 -8 -21 10
 -7 -21 10
 6 -21 10
 7 -21 10
 8 -21 10
 -9 -20 10
 -8 -20 10
 -7 -20 10
 6 -20 10
 7 -20 10
 8 -20 10
 -9 -19 10
 -8 -19 10
 -7 -19 10
 6 -19 10
 7 -19 10
 8 -19 10
 -9 -18 10
 -8 -18 10
 -7 -18 10
 6 -18 10
 7 -18 10
 8 -18 10
 -9 -17 10
 -8 -17 10
 -7 -17 10
 6 -17 10
 7 -17 10
 8 -17 10
 -9 -16 10
 -8 -16 10
 -7 -16 10
 6 -16 10
 7 -16 10
 8 -16 10
 -9 -15 10
 -8 -15 10
 -7 -15 10
 6 -15 10
 7 -15 10
 8 -15 10
 -9 -14 10
 -8 -14 10
 -7 -14 10
 6 -14 10
 7 -14 10
 8 -14 10
 -9 -13 10
 -8 -13 10
 -7 -13 10
 6 -13 10
 7 -13 10
 8 -13 10
 -9 -12 10
 -8 -12 10
 -7 -12 10
 6 -12 10
 7 -12 10
 8 -12 10
 -9 -11 10
 -8 -11 10
 -7 -11 10
 6 -11 10
 7 -11 10
 8 -11 10
 -9 -10 10
 -8 -10 10
 -7 -10 10
 6 -10 10
 7 -10 10
 8 -10 10
 -9 -9 10
 -8 -9 10
 -7 -9 10
 6 -9 10
 7 -9 10
 8 -9 10
 -9 -8 10
 -8 -8 10
 -7 -8 10
 6 -8 10
 7 -8 10
 8 -8 10
 -9 -7 10
 -8 -7 10
 -7 -7 10
 6 -7 10
 7 -7 10
 8 -7 10
 -9 -6 10
 -8 -6 10
 -7 -6 10
 6 -6 10
 7 -6 10
 8 -6 10
 -9 -5 10
 -8 -5 10
 -7 -5 10
 6 -5 10
 7 -5 10
 8 -5 10
 -9 -4 10
 -8 -4 10
 -7 -4 10
 6 -4 10
 7 -4 10
 8 -4 10
 -9 -3 10
 -8 -3 10
 -7 -3 10
 6 -3 10
 7 -3 10
 8 -3 10
 -9 -2 10
 -8 -2 10
 -7 -2 10
 6 -2 10
 7 -2 10
 8 -2 10
 -9 -1 10
 -8 -1 10
 -7 -1 10
 6 -1 10
 7 -1 10
 8 -1 10
 -9 0 10
 -8 0 10
 -7 0 10
 6 0 10
 7 0 10
 8 0 10
 -9 1 10
 -8 1 10
 -7 1 10
 6 1 10
 7 1 10
 8 1 10
 -9 2 10
 -8 2 10
 -7 2 10
 6 2 10
 7 2 10
 8 2 10
 -9 3 10
 -8 3 10
 -7 3 10
 6 3 10
 7 3 10
 8 3 10
 -9 4 10
 -8 4 10
 -7 4 10
 6 4 10
 7 4 10
 8 4 10
 -9 5 10
 -8 5 10
 -7 5 10
 6 5 10
 7 5 10
 8 5 10
 -9 6 10
 -8 6 10
 -7 6 10
 6 6 10
 7 6 10
 8 6 10
 -9 7 10
 -8 7 10
 -7 7 10
 6 7 10
 7 7 10
 8 7 10
 -9 8 10
 -8 8 10
 -7 8 10
 -6 8 10
 5 8 10
 6 8 10
 7 8 10
 8 8 10
 -8 9 10
 -7 9 10
 -6 9 10
 5 9 10
 6 9 10
 7 9 10
 -7 10 10
 -6 10 10
 -5 10 10
 4 10 10
 5 10 10
 6 10 10
 -7 11 10
 -6 11 10
 -5 11 10
 -4 11 10
 2 11 10
 3 11 10
 4 11 10
 5 11 10
 6 11 10
 -5 12 10
 -4 12 10
 -3 12 10
 -2 12 10
 1 12 10
 2 12 10
 3 12 10
 4 12 10
 -3 13 10
 -2 13 10
 -1 13 10
 0 13 10
 1 13 10
 2 13 10
 3 13 10
 -2 14 10
 -1 14 10
 0 14 10
 1 14 10
 -4 -47 11
 -3 -47 11
 -2 -47 11
 -1 -47 11
 0 -47 11
 1 -47 11
 2 -47 11
 3 -47 11
 -6 -46 11
 -5 -46 11
 -4 -46 11
 -3 -46 11
 -2 -46 11
 -1 -46 11
 0 -46 11
 1 -46 11
 2 -46 11
 3 -46 11
 4 -46 11
 5 -46 11
 -7 -45 11
 -6 -45 11
 -5 -45 11
 -4 -45 11
 3 -45 11
 4 -45 11
 5 -45 11
 6 -45 11
 -7 -44 11
 -6 -44 11
 -5 -44 11
 4 -44 11
 5 -44 11
 6 -44 11
 -7 -43 11
 -6 -43 11
 -5 -43 11
 4 -43 11
 5 -43 11
 6 -43 11
 -7 -42 11
 -6 -42 11
 -5 -42 11
 -4 -42 11
 3 -42 11
 4 -42 11
 5 -42 11
 6 -42 11
 -7 -41 11
 -6 -41 11
 -5 -41 11
 -4 -41 11
 3 -41 11
 4 -41 11
 5 -41 11
 6 -41 11
 -7 -40 11
 -6 -40 11
 -5 -40 11
 -4 -40 11
 3 -40 11
 4 -40 11
 5 -40 11
 6 -40 11
 -6 -39 11
 -5 -39 11
 -4 -39 11
 3 -39 11
 4 -39 11
 5 -39 11
 -7 -38 11
 -6 -38 11
 -5 -38 11
 -4 -38 11
 3 -38 11
 4 -38 11
 5 -38 11
 6 -38 11
 -7 -37 11
 -6 -37 11
 -5 -37 11
 -4 -37 11
 3 -37 11
 4 -37 11
 5 -37 11
 6 -37 11
 -7 -36 11
 -6 -36 11
 -5 -36 11
 -4 -36 11
 3 -36 11
 4 -36 11
 5 -36 11
 6 -36 11
 -7 -35 11
 -6 -35 11
 -5 -35 11
 -4 -35 11
 3 -35 11
 4 -35 11
 5 -35 11
 6 -35 11
 -7 -34 11
 -6 -34 11
 -5 -34 11
 -4 -34 11
 3 -34 11
 4 -34 11
 5 -34 11
 6 -34 11
 -7 -33 11
 -6 -33 11
 -5 -33 11
 -4 -33 11
 3 -33 11
 4 -33 11
 5 -33 11
 6 -33 11
 -7 -32 11
 -6 -32 11
 -5 -32 11
 -4 -32 11
 3 -32 11
 4 -32 11
 5 -32 11
 6 -32 11
 -7 -31 11
 -6 -31 11
 -5 -31 11
 -4 -31 11
 3 -31 11
 4 -31 11
 5 -31 11
 6 -31 11
 -7 -30 11
 -6 -30 11
 -5 -30 11
 -4 -30 11
 3 -30 11
 4 -30 11
 5 -30 11
 6 -30 11
 -6 -29 11
 -5 -29 11
 -4 -29 11
 3 -29 11
 4 -29 11
 5 -29 11
 6 -29 11
 -7 -28 11
 -6 -28 11
 -5 -28 11
 -4 -28 11
 3 -28 11
 4 -28 11
 5 -28 11
 -7 -27 11
 -6 -27 11
 -5 -27 11
 -4 -27 11
 3 -27 11
 4 -27 11
 5 -27 11
 6 -27 11
 -7 -26 11
 -6 -26 11
 -5 -26 11
 -4 -26 11
 3 -26 11
 4 -26 11
 5 -26 11
 6 -26 11
 -7 -25 11
 -6 -25 11
 -5 -25 11
 -4 -25 11
 3 -25 11
 4 -25 11
 5 -25 11
 6 -25 11
 -7 -24 11
 -6 -24 11
 -5 -24 11
 -4 -24 11
 3 -24 11
 4 -24 11
 5 -24 11
 6 -24 11
 -7 -23 11
 -6 -23 11
 -5 -23 11
 -4 -23 11
 3 -23 11
 4 -23 11
 5 -23 11
 6 -23 11
 -7 -22 11
 -6 -22 11
 -5 -22 11
 -4 -22 11
 3 -22 11
 4 -22 11
 5 -22 11
 6 -22 11
 -7 -21 11
 -6 -21 11
 -5 -21 11
 -4 -21 11
 3 -21 11
 4 -21 11
 5 -21 11
 6 -21 11
 -7 -20 11
 -6 -20 11
 -5 -20 11
 -4 -20 11
 3 -20 11
 4 -20 11
 5 -20 11
 6 -20 11
 -6 -19 11
 -5 -19 11
 -4 -19 11
 3 -19 11
 4 -19 11
 5 -19 11
 6 -19 11
 -7 -18 11
 -6 -18 11
 -5 -18 11
 -4 -18 11
 3 -18 11
 4 -18 11
 5 -18 11
 6 -18 11
 -7 -17 11
 -6 -17 11
 -5 -17 11
 -4 -17 11
 3 -17 11
 4 -17 11
 5 -17 11
 6 -17 11
 -7 -16 11
 -6 -16 11
 -5 -16 11
 -4 -16 11
 3 -16 11
 4 -16 11
 5 -16 11
 -7 -15 11
 -6 -15 11
 -5 -15 11
 -4 -15 11
 3 -15 11
 4 -15 11
 5 -15 11
 6 -15 11
 -7 -14 11
 -6 -14 11
 -5 -14 11
 -4 -14 11
 3 -14 11
 4 -14 11
 5 -14 11
 6 -14 11
 -7 -13 11
 -6 -13 11
 -5 -13 11
 -4 -13 11
 3 -13 11
 4 -13 11
 5 -13 11
 6 -13 11
 -7 -12 11
 -6 -12 11
 -5 -12 11
 -4 -12 11
 3 -12 11
 4 -12 11
 5 -12 11
 6 -12 11
 -7 -11 11
 -6 -11 11
 -5 -11 11
 -4 -11 11
 3 -11 11
 4 -11 11
 5 -11 11
 6 -11 11
 -7 -10 11
 -6 -10 11
 -5 -10 11
 -4 -10 11
 3 -10 11
 4 -10 11
 5 -10 11
 6 -10 11
 -7 -9 11
 -6 -9 11
 -5 -9 11
 -4 -9 11
 3 -9 11
 4 -9 11
 5 -9 11
 6 -9 11
 -7 -8 11
 -6 -8 11
 -5 -8 11
 -4 -8 11
 3 -8 11
 4 -8 11
 5 -8 11
 6 -8 11
 -7 -7 11
 -6 -7 11
 -5 -7 11
 -4 -7 11
 3 -7 11
 4 -7 11
 5 -7 11
 6 -7 11
 -7 -6 11
 -6 -6 11
 -5 -6 11
 -4 -6 11
 3 -6 11
 4 -6 11
 5 -6 11
 6 -6 11
 -7 -5 11
 -6 -5 11
 -5 -5 11
 -4 -5 11
 3 -5 11
 4 -5 11
 5 -5 11
 6 -5 11
 -6 -4 11
 -5 -4 11
 -4 -4 11
 3 -4 11
 4 -4 11
 5 -4 11
 6 -4 11
 -7 -3 11
 -6 -3 11
 -5 -3 11
 -4 -3 11
 3 -3 11
 4 -3 11
 5 -3 11
 6 -3 11
 -7 -2 11
 -6 -2 11
 -5 -2 11
 -4 -2 11
 4 -2 11
 5 -2 11
 6 -2 11
 -7 -1 11
 -6 -1 11
 -5 -1 11
 -4 -1 11
 3 -1 11
 4 -1 11
 5 -1 11
 6 -1 11
 -7 0 11
 -6 0 11
 -5 0 11
 -4 0 11
 3 0 11
 4 0 11
 5 0 11
 6 0 11
 -7 1 11
 -6 1 11
 -5 1 11
 -4 1 11
 3 1 11
 4 1 11
 5 1 11
 6 1 11
 -7 2 11
 -6 2 11
 -5 2 11
 -4 2 11
 3 2 11
 4 2 11
 5 2 11
 6 2 11
 -6 3 11
 -5 3 11
 -4 3 11
 3 3 11
 4 3 11
 5 3 11
 6 3 11
 -7 4 11
 -6 4 11
 -5 4 11
 -4 4 11
 3 4 11
 4 4 11
 5 4 11
 6 4 11
 -7 5 11
 -6 5 11
 -5 5 11
 -4 5 11
 3 5 11
 4 5 11
 5 5 11
 6 5 11
 -7 6 11
 -6 6 11
 -5 6 11
 3 6 11
 4 6 11
 5 6 11
 6 6 11
 -7 7 11
 -6 7 11
 -5 7 11
 -4 7 11
 3 7 11
 4 7 11
 5 7 11
 6 7 11
 -7 8 11
 -6 8 11
 -5 8 11
 -4 8 11
 3 8 11
 4 8 11
 5 8 11
 -6 9 11
 -5 9 11
 -4 9 11
 -3 9 11
 2 9 11
 3 9 11
 4 9 11
 5 9 11
 -5 10 11
 -4 10 11
 -3 10 11
 -2 10 11
 1 10 11
 2 10 11
 3 10 11
 4 10 11
 -4 11 11
 -3 11 11
 -2 11 11
 -1 11 11
 0 11 11
 1 11 11
 2 11 11
 3 11 11
 -3 12 11
 -2 12 11
 -1 12 11
 0 12 11
 1 12 11
 2 12 11
 -1 13 11
 0 13 11
 -2 -46 12
 -1 -46 12
 0 -46 12
 1 -46 12
 -5 -45 12
 -4 -45 12
 -3 -45 12
 -2 -45 12
 -1 -45 12
 0 -45 12
 1 -45 12
 2 -45 12
 3 -45 12
 -5 -44 12
 -4 -44 12
 -3 -44 12
 -2 -44 12
 -1 -44 12
 0 -44 12
 1 -44 12
 2 -44 12
 3 -44 12
 4 -44 12
 -4 -43 12
 -3 -43 12
 -2 -43 12
 -1 -43 12
 0 -43 12
 1 -43 12
 2 -43 12
 3 -43 12
 4 -43 12
 -4 -42 12
 -3 -42 12
 -2 -42 12
 1 -42 12
 2 -42 12
 3 -42 12
 -4 -41 12
 -3 -41 12
 -2 -41 12
 1 -41 12
 2 -41 12
 3 -41 12
 -4 -40 12
 -3 -40 12
 -2 -40 12
 1 -40 12
 2 -40 12
 3 -40 12
 -4 -39 12
 -3 -39 12
 -2 -39 12
 1 -39 12
 2 -39 12
 3 -39 12
 -4 -38 12
 -3 -38 12
 -2 -38 12
 1 -38 12
 2 -38 12
 3 -38 12
 -4 -37 12
 -3 -37 12
 -2 -37 12
 1 -37 12
 2 -37 12
 3 -37 12
 -4 -36 12
 -3 -36 12
 -2 -36 12
 1 -36 12
 2 -36 12
 3 -36 12
 -4 -35 12
 -3 -35 12
 -2 -35 12
 1 -35 12
 2 -35 12
 3 -35 12
 -4 -34 12
 -3 -34 12
 -2 -34 12
 1 -34 12
 2 -34 12
 3 -34 12
 -4 -33 12
 -3 -33 12
 -2 -33 12
 1 -33 12
 2 -33 12
 3 -33 12
 -4 -32 12
 -3 -32 12
 -2 -32 12
 1 -32 12
 2 -32 12
 3 -32 12
 -4 -31 12
 -3 -31 12
 -2 -31 12
 1 -31 12
 2 -31 12
 3 -31 12
 -4 -30 12
 -3 -30 12
 -2 -30 12
 1 -30 12
 2 -30 12
 3 -30 12
 -4 -29 12
 -3 -29 12
 -2 -29 12
 1 -29 12
 2 -29 12
 3 -29 12
 -4 -28 12
 -3 -28 12
 -2 -28 12
 1 -28 12
 2 -28 12
 3 -28 12
 -4 -27 12
 -3 -27 12
 -2 -27 12
 1 -27 12
 2 -27 12
 3 -27 12
 -4 -26 12
 -3 -26 12
 -2 -26 12
 1 -26 12
 2 -26 12
 3 -26 12
 -4 -25 12
 -3 -25 12
 -2 -25 12
 1 -25 12
 2 -25 12
 3 -25 12
 -4 -24 12
 -3 -24 12
 -2 -24 12
 1 -24 12
 2 -24 12
 3 -24 12
 -4 -23 12
 -3 -23 12
 -2 -23 12
 1 -23 12
 2 -23 12
 3 -23 12
 -4 -22 12
 -3 -22 12
 -2 -22 12
 1 -22 12
 2 -22 12
 3 -22 12
 -4 -21 12
 -3 -21 12
 -2 -21 12
 1 -21 12
 2 -21 12
 3 -21 12
 -4 -20 12
 -3 -20 12
 -2 -20 12
 1 -20 12
 2 -20 12
 3 -20 12
 -4 -19 12
 -3 -19 12
 -2 -19 12
 1 -19 12
 2 -19 12
 3 -19 12
 -4 -18 12
 -3 -18 12
 -2 -18 12
 1 -18 12
 2 -18 12
 3 -18 12
 -4 -17 12
 -3 -17 12
 -2 -17 12
 1 -17 12
 2 -17 12
 3 -17 12
 -4 -16 12
 -3 -16 12
 -2 -16 12
 1 -16 12
 2 -16 12
 3 -16 12
 -4 -15 12
 -3 -15 12
 -2 -15 12
 1 -15 12
 2 -15 12
 3 -15 12
 -4 -14 12
 -3 -14 12
 -2 -14 12
 1 -14 12
 2 -14 12
 3 -14 12
 -4 -13 12
 -3 -13 12
 -2 -13 12
 1 -13 12
 2 -13 12
 3 -13 12
 -4 -12 12
 -3 -12 12
 -2 -12 12
 1 -12 12
 2 -12 12
 3 -12 12
 -4 -11 12
 -3 -11 12
 -2 -11 12
 1 -11 12
 2 -11 12
 3 -11 12
 -4 -10 12
 -3 -10 12
 -2 -10 12
 1 -10 12
 2 -10 12
 3 -10 12
 -4 -9 12
 -3 -9 12
 -2 -9 12
 1 -9 12
 2 -9 12
 3 -9 12
 -4 -8 12
 -3 -8 12
 -2 -8 12
 1 -8 12
 2 -8 12
 3 -8 12
 -4 -7 12
 -3 -7 12
 -2 -7 12
 1 -7 12
 2 -7 12
 3 -7 12
 -4 -6 12
 -3 -6 12
 -2 -6 12
 1 -6 12
 2 -6 12
 3 -6 12
 -4 -5 12
 -3 -5 12
 -2 -5 12
 1 -5 12
 2 -5 12
 3 -5 12
 -4 -4 12
 -3 -4 12
 -2 -4 12
 1 -4 12
 2 -4 12
 3 -4 12
 -4 -3 12
 -3 -3 12
 -2 -3 12
 1 -3 12
 2 -3 12
 3 -3 12
 -4 -2 12
 -3 -2 12
 -2 -2 12
 1 -2 12
 2 -2 12
 3 -2 12
 -4 -1 12
 -3 -1 12
 -2 -1 12
 1 -1 12
 2 -1 12
 3 -1 12
 -4 0 12
 -3 0 12
 -2 0 12
 1 0 12
 2 0 12
 3 0 12
 -4 1 12
 -3 1 12
 -2 1 12
 1 1 12
 2 1 12
 3 1 12
 -4 2 12
 -3 2 12
 -2 2 12
 1 2 12
 2 2 12
 3 2 12
 -4 3 12
 -3 3 12
 -2 3 12
 1 3 12
 2 3 12
 3 3 12
 -4 4 12
 -3 4 12
 -2 4 12
 1 4 12
 2 4 12
 3 4 12
 -4 5 12
 -3 5 12
 -2 5 12
 1 5 12
 2 5 12
 3 5 12
 -4 6 12
 -3 6 12
 -2 6 12
 1 6 12
 2 6 12
 3 6 12
 -4 7 12
 -3 7 12
 -2 7 12
 1 7 12
 2 7 12
 3 7 12
 -4 8 12
 -3 8 12
 -2 8 12
 0 8 12
 1 8 12
 2 8 12
 3 8 12
 -3 9 12
 -2 9 12
 -1 9 12
 0 9 12
 1 9 12
 2 9 12
 -2 10 12
 -1 10 12
 0 10 12
 1 10 12
 2 10 12
 -2 11 12
 -1 11 12
 0 11 12
 1 11 12
 0 -44 13
 -1 -43 13
 0 -43 13
 1 -43 13
 -2 -42 13
 -1 -42 13
 0 -42 13
 1 -42 13
 -2 -41 13
 -1 -41 13
 0 -41 13
 1 -41 13
 -2 -40 13
 -1 -40 13
 0 -40 13
 1 -40 13
 -2 -39 13
 -1 -39 13
 0 -39 13
 1 -39 13
 -2 -38 13
 -1 -38 13
 0 -38 13
 1 -38 13
 -2 -37 13
 -1 -37 13
 0 -37 13
 1 -37 13
 -2 -36 13
 -1 -36 13
 0 -36 13
 1 -36 13
 -2 -35 13
 -1 -35 13
 0 -35 13
 1 -35 13
 -2 -34 13
 -1 -34 13
 0 -34 13
 1 -34 13
 -2 -33 13
 -1 -33 13
 0 -33 13
 1 -33 13
 -2 -32 13
 -1 -32 13
 0 -32 13
 1 -32 13
 -2 -31 13
 -1 -31 13
 0 -31 13
 1 -31 13
 -2 -30 13
 -1 -30 13
 0 -30 13
 1 -30 13
 -2 -29 13
 -1 -29 13
 0 -29 13
 1 -29 13
 -2 -28 13
 -1 -28 13
 0 -28 13
 1 -28 13
 -2 -27 13
 -1 -27 13
 0 -27 13
 1 -27 13
 -2 -26 13
 -1 -26 13
 0 -26 13
 1 -26 13
 -2 -25 13
 -1 -25 13
 0 -25 13
 1 -25 13
 -2 -24 13
 -1 -24 13
 0 -24 13
 1 -24 13
 -2 -23 13
 -1 -23 13
 0 -23 13
 1 -23 13
 -2 -22 13
 -1 -22 13
 0 -22 13
 1 -22 13
 -2 -21 13
 -1 -21 13
 0 -21 13
 1 -21 13
 -2 -20 13
 -1 -20 13
 0 -20 13
 1 -20 13
 -2 -19 13
 -1 -19 13
 0 -19 13
 1 -19 13
 -2 -18 13
 -1 -18 13
 0 -18 13
 1 -18 13
 -2 -17 13
 -1 -17 13
 0 -17 13
 1 -17 13
 -2 -16 13
 -1 -16 13
 0 -16 13
 1 -16 13
 -2 -15 13
 -1 -15 13
 0 -15 13
 1 -15 13
 -2 -14 13
 -1 -14 13
 0 -14 13
 1 -14 13
 -2 -13 13
 -1 -13 13
 0 -13 13
 1 -13 13
 -2 -12 13
 -1 -12 13
 0 -12 13
 1 -12 13
 -2 -11 13
 -1 -11 13
 0 -11 13
 1 -11 13
 -2 -10 13
 -1 -10 13
 0 -10 13
 1 -10 13
 -2 -9 13
 -1 -9 13
 0 -9 13
 1 -9 13
 -2 -8 13
 -1 -8 13
 0 -8 13
 1 -8 13
 -2 -7 13
 -1 -7 13
 0 -7 13
 1 -7 13
 -2 -6 13
 -1 -6 13
 0 -6 13
 1 -6 13
 -2 -5 13
 -1 -5 13
 0 -5 13
 1 -5 13
 -2 -4 13
 -1 -4 13
 0 -4 13
 1 -4 13
 -2 -3 13
 -1 -3 13
 0 -3 13
 1 -3 13
 -2 -2 13
 -1 -2 13
 0 -2 13
 1 -2 13
 -2 -1 13
 -1 -1 13
 0 -1 13
 1 -1 13
 -2 0 13
 -1 0 13
 0 0 13
 1 0 13
 -2 1 13
 -1 1 13
 0 1 13
 1 1 13
 -2 2 13
 -1 2 13
 0 2 13
 1 2 13
 -2 3 13
 -1 3 13
 0 3 13
 1 3 13
 -2 4 13
 -1 4 13
 0 4 13
 1 4 13
 -2 5 13
 -1 5 13
 0 5 13
 1 5 13
 -2 6 13
 -1 6 13
 0 6 13
 1 6 13
 -2 7 13
 -1 7 13
 0 7 13
 1 7 13
 -2 8 13
 -1 8 13
 0 8 13
 1 8 13
 -1 9 13
 0 9 13
